-15.6614
-15.6614
-15.6914
-15.7241
-15.7595
-15.7973
-15.8374
-15.8798
-15.9242
-15.9705
-16.0184
-16.0679
-16.1186
-16.1702
-16.2225
-16.2751
-16.3276
-16.3797
-16.431
-16.4809
-16.529
-16.5748
-16.6178
-16.6576
-16.6936
-16.7255
-16.7527
-16.775
-16.7919
-16.8034
-16.8092
-16.8092
-16.8034
-16.7919
-16.775
-16.7527
-16.7255
-16.6936
-16.6576
-16.6178
-16.5748
-16.5289
-16.4808
-16.4309
-16.3797
-16.3276
-16.275
-16.2224
-16.1702
-16.1185
-16.0679
-16.0184
-15.9704
-15.9242
-15.8798
-15.8374
-15.7973
-15.7595
-15.7241
-15.6913
-15.6614
-15.6614
-15.6614
-15.6614
-15.6914
-15.7241
-15.7595
-15.7973
-15.8374
-15.8798
-15.9242
-15.9705
-16.0184
-16.0679
-16.1186
-16.1702
-16.2225
-16.2751
-16.3276
-16.3797
-16.431
-16.4809
-16.529
-16.5748
-16.6178
-16.6576
-16.6936
-16.7255
-16.7527
-16.775
-16.7919
-16.8034
-16.8092
-16.8092
-16.8034
-16.7919
-16.775
-16.7527
-16.7255
-16.6936
-16.6576
-16.6178
-16.5748
-16.5289
-16.4808
-16.4309
-16.3797
-16.3276
-16.275
-16.2224
-16.1702
-16.1185
-16.0679
-16.0184
-15.9704
-15.9242
-15.8798
-15.8374
-15.7973
-15.7595
-15.7241
-15.6913
-15.6614
-15.6614
-15.6584
-15.6584
-15.6886
-15.7215
-15.7569
-15.7949
-15.8351
-15.8776
-15.9222
-15.9686
-16.0168
-16.0665
-16.1174
-16.1693
-16.2219
-16.2748
-16.3278
-16.3803
-16.4319
-16.4823
-16.5308
-16.5771
-16.6206
-16.6608
-16.6973
-16.7295
-16.7571
-16.7796
-16.7968
-16.8084
-16.8143
-16.8143
-16.8084
-16.7968
-16.7796
-16.7571
-16.7295
-16.6973
-16.6608
-16.6206
-16.5771
-16.5308
-16.4822
-16.4319
-16.3802
-16.3277
-16.2748
-16.2219
-16.1693
-16.1174
-16.0664
-16.0168
-15.9686
-15.9221
-15.8776
-15.8351
-15.7948
-15.7569
-15.7214
-15.6885
-15.6584
-15.6584
-15.6524
-15.6524
-15.6828
-15.7159
-15.7516
-15.7898
-15.8303
-15.8731
-15.918
-15.9648
-16.0134
-16.0635
-16.1149
-16.1674
-16.2207
-16.2743
-16.328
-16.3814
-16.4339
-16.4852
-16.5347
-16.5819
-16.6264
-16.6675
-16.7048
-16.7379
-16.7662
-16.7893
-16.807
-16.8189
-16.8249
-16.8249
-16.8189
-16.807
-16.7893
-16.7662
-16.7379
-16.7048
-16.6675
-16.6263
-16.5819
-16.5346
-16.4851
-16.4339
-16.3813
-16.328
-16.2743
-16.2207
-16.1674
-16.1149
-16.0635
-16.0133
-15.9647
-15.9179
-15.873
-15.8303
-15.7897
-15.7516
-15.7159
-15.6827
-15.6524
-15.6524
-15.6434
-15.6434
-15.674
-15.7075
-15.7435
-15.782
-15.8229
-15.8661
-15.9115
-15.9589
-16.0081
-16.0589
-16.1111
-16.1645
-16.2188
-16.2735
-16.3284
-16.383
-16.4368
-16.4895
-16.5405
-16.5892
-16.6351
-16.6777
-16.7164
-16.7507
-16.7801
-16.8042
-16.8226
-16.835
-16.8413
-16.8413
-16.835
-16.8226
-16.8042
-16.7801
-16.7507
-16.7164
-16.6777
-16.6351
-16.5892
-16.5405
-16.4895
-16.4368
-16.3829
-16.3283
-16.2735
-16.2187
-16.1645
-16.1111
-16.0589
-16.008
-15.9588
-15.9115
-15.8661
-15.8229
-15.782
-15.7434
-15.7074
-15.674
-15.6433
-15.6433
-15.6313
-15.6313
-15.6623
-15.6961
-15.7326
-15.7715
-15.8129
-15.8567
-15.9027
-15.9508
-16.0008
-16.0526
-16.1059
-16.1605
-16.216
-16.2722
-16.3287
-16.385
-16.4407
-16.4953
-16.5482
-16.599
-16.6469
-16.6915
-16.7321
-16.7681
-16.7991
-16.8245
-16.8439
-16.857
-16.8637
-16.8637
-16.857
-16.8439
-16.8245
-16.7991
-16.7681
-16.7321
-16.6915
-16.6469
-16.599
-16.5482
-16.4953
-16.4407
-16.385
-16.3286
-16.2722
-16.216
-16.1604
-16.1059
-16.0526
-16.0008
-15.9508
-15.9027
-15.8567
-15.8129
-15.7715
-15.7325
-15.6961
-15.6623
-15.6313
-15.6313
-15.6162
-15.6162
-15.6476
-15.6819
-15.7188
-15.7583
-15.8003
-15.8448
-15.8915
-15.9405
-15.9916
-16.0445
-16.0991
-16.1551
-16.2123
-16.2704
-16.3288
-16.3873
-16.4453
-16.5024
-16.5579
-16.6112
-16.6618
-16.709
-16.752
-16.7903
-16.8233
-16.8504
-16.8712
-16.8852
-16.8923
-16.8923
-16.8852
-16.8712
-16.8504
-16.8233
-16.7903
-16.752
-16.7089
-16.6618
-16.6112
-16.5579
-16.5024
-16.4453
-16.3873
-16.3288
-16.2703
-16.2123
-16.1551
-16.0991
-16.0445
-15.9915
-15.9405
-15.8915
-15.8447
-15.8003
-15.7583
-15.7188
-15.6819
-15.6476
-15.6162
-15.6162
-15.598
-15.598
-15.6299
-15.6647
-15.7022
-15.7423
-15.785
-15.8302
-15.8779
-15.9279
-15.9801
-16.0344
-16.0905
-16.1484
-16.2075
-16.2678
-16.3286
-16.3898
-16.4507
-16.5107
-16.5694
-16.626
-16.6799
-16.7302
-16.7763
-16.8175
-16.8531
-16.8824
-16.9049
-16.9201
-16.9278
-16.9278
-16.9201
-16.9048
-16.8824
-16.8531
-16.8175
-16.7763
-16.7302
-16.6798
-16.626
-16.5694
-16.5107
-16.4506
-16.3898
-16.3286
-16.2677
-16.2075
-16.1483
-16.0905
-16.0344
-15.9801
-15.9278
-15.8778
-15.8302
-15.7849
-15.7422
-15.7021
-15.6647
-15.6299
-15.598
-15.598
-15.5768
-15.5768
-15.6092
-15.6445
-15.6826
-15.7233
-15.7668
-15.8129
-15.8615
-15.9127
-15.9663
-16.0221
-16.0801
-16.1399
-16.2014
-16.2642
-16.3279
-16.3922
-16.4565
-16.5202
-16.5827
-16.6432
-16.7011
-16.7554
-16.8053
-16.8501
-16.8889
-16.9209
-16.9455
-16.9622
-16.9707
-16.9707
-16.9622
-16.9455
-16.9209
-16.8888
-16.8501
-16.8053
-16.7554
-16.7011
-16.6432
-16.5827
-16.5202
-16.4565
-16.3922
-16.3279
-16.2642
-16.2014
-16.1399
-16.08
-16.0221
-15.9663
-15.9127
-15.8615
-15.8128
-15.7668
-15.7233
-15.6826
-15.6445
-15.6092
-15.5767
-15.5767
-15.5525
-15.5525
-15.5854
-15.6213
-15.66
-15.7014
-15.7457
-15.7927
-15.8424
-15.8948
-15.9499
-16.0074
-16.0674
-16.1295
-16.1936
-16.2594
-16.3264
-16.3943
-16.4626
-16.5306
-16.5976
-16.6629
-16.7255
-16.7846
-16.8392
-16.8884
-16.9311
-16.9665
-16.9937
-17.0123
-17.0217
-17.0217
-17.0123
-16.9937
-16.9664
-16.931
-16.8883
-16.8392
-16.7846
-16.7255
-16.6629
-16.5976
-16.5306
-16.4626
-16.3943
-16.3264
-16.2593
-16.1936
-16.1295
-16.0674
-16.0074
-15.9499
-15.8948
-15.8424
-15.7927
-15.7457
-15.7014
-15.66
-15.6213
-15.5854
-15.5524
-15.5524
-15.5251
-15.5251
-15.5586
-15.595
-15.6343
-15.6765
-15.7215
-15.7695
-15.8203
-15.8741
-15.9307
-15.9901
-16.0522
-16.1169
-16.1839
-16.2529
-16.3237
-16.3958
-16.4687
-16.5417
-16.614
-16.6848
-16.7532
-16.8181
-16.8783
-16.9328
-16.9803
-17.0198
-17.0504
-17.0713
-17.0818
-17.0818
-17.0713
-17.0504
-17.0198
-16.9803
-16.9327
-16.8783
-16.8181
-16.7532
-16.6848
-16.614
-16.5416
-16.4687
-16.3958
-16.3237
-16.2529
-16.1838
-16.1168
-16.0522
-15.9901
-15.9307
-15.874
-15.8203
-15.7694
-15.7215
-15.6764
-15.6343
-15.595
-15.5585
-15.525
-15.525
-15.4946
-15.4946
-15.5286
-15.5656
-15.6055
-15.6483
-15.6941
-15.743
-15.795
-15.8501
-15.9084
-15.9698
-16.0342
-16.1016
-16.1718
-16.2445
-16.3195
-16.3963
-16.4744
-16.5531
-16.6316
-16.709
-16.7841
-16.8559
-16.9229
-16.9838
-17.0372
-17.0819
-17.1165
-17.1402
-17.1523
-17.1523
-17.1402
-17.1165
-17.0819
-17.0372
-16.9838
-16.9229
-16.8559
-16.7841
-16.7089
-16.6316
-16.553
-16.4743
-16.3963
-16.3195
-16.2445
-16.1717
-16.1016
-16.0342
-15.9698
-15.9084
-15.8501
-15.795
-15.743
-15.6941
-15.6483
-15.6054
-15.5656
-15.5286
-15.4946
-15.4946
-15.4611
-15.4611
-15.4955
-15.533
-15.5734
-15.6168
-15.6634
-15.7132
-15.7663
-15.8228
-15.8827
-15.9461
-16.0129
-16.0832
-16.1568
-16.2335
-16.3131
-16.3951
-16.4791
-16.5644
-16.65
-16.735
-16.8182
-16.8981
-16.9733
-17.042
-17.1027
-17.1536
-17.1933
-17.2206
-17.2344
-17.2344
-17.2206
-17.1933
-17.1536
-17.1026
-17.042
-16.9732
-16.8981
-16.8182
-16.735
-16.65
-16.5643
-16.4791
-16.3951
-16.3131
-16.2335
-16.1568
-16.0832
-16.0129
-15.9461
-15.8827
-15.8228
-15.7663
-15.7132
-15.6634
-15.6168
-15.5734
-15.533
-15.4955
-15.461
-15.461
-15.4244
-15.4244
-15.4593
-15.4971
-15.538
-15.5819
-15.6292
-15.6798
-15.7339
-15.7917
-15.8533
-15.9187
-15.988
-16.0613
-16.1384
-16.2194
-16.304
-16.3918
-16.4823
-16.575
-16.6688
-16.7627
-16.8552
-16.9449
-17.0298
-17.108
-17.1776
-17.2363
-17.2823
-17.314
-17.3302
-17.3302
-17.314
-17.2823
-17.2363
-17.1775
-17.108
-17.0297
-16.9448
-16.8552
-16.7626
-16.6688
-16.575
-16.4823
-16.3918
-16.304
-16.2194
-16.1384
-16.0612
-15.988
-15.9186
-15.8532
-15.7917
-15.7339
-15.6798
-15.6291
-15.5819
-15.5379
-15.4971
-15.4593
-15.4244
-15.4244
-15.3848
-15.3848
-15.4199
-15.458
-15.4992
-15.5435
-15.5913
-15.6426
-15.6976
-15.7566
-15.8197
-15.887
-15.9588
-16.0351
-16.116
-16.2014
-16.2913
-16.3854
-16.4832
-16.5841
-16.6872
-16.7913
-16.8948
-16.996
-17.0927
-17.1825
-17.2629
-17.3314
-17.3854
-17.4227
-17.4418
-17.4418
-17.4227
-17.3854
-17.3314
-17.2629
-17.1824
-17.0926
-16.996
-16.8948
-16.7913
-16.6872
-16.5841
-16.4832
-16.3854
-16.2913
-16.2014
-16.1159
-16.0351
-15.9588
-15.887
-15.8196
-15.7566
-15.6976
-15.6425
-15.5912
-15.5435
-15.4991
-15.458
-15.4198
-15.3847
-15.3847
-15.3421
-15.3421
-15.3773
-15.4155
-15.4568
-15.5014
-15.5495
-15.6013
-15.6571
-15.7171
-15.7815
-15.8507
-15.9248
-16.0041
-16.0887
-16.1787
-16.2742
-16.3749
-16.4807
-16.5908
-16.7044
-16.8202
-16.9366
-17.0514
-17.1621
-17.266
-17.36
-17.4407
-17.5049
-17.5494
-17.5722
-17.5722
-17.5494
-17.5048
-17.4407
-17.3599
-17.2659
-17.1621
-17.0513
-16.9365
-16.8202
-16.7044
-16.5908
-16.4807
-16.3749
-16.2742
-16.1787
-16.0886
-16.004
-15.9248
-15.8506
-15.7815
-15.717
-15.6571
-15.6013
-15.5495
-15.5014
-15.4568
-15.4155
-15.3773
-15.342
-15.342
-15.2964
-15.2964
-15.3316
-15.3697
-15.411
-15.4555
-15.5037
-15.5558
-15.6121
-15.6728
-15.7384
-15.8091
-15.8853
-15.9674
-16.0556
-16.1503
-16.2515
-16.3593
-16.4735
-16.5937
-16.7191
-16.8483
-16.9796
-17.1105
-17.2381
-17.3592
-17.4699
-17.5663
-17.6437
-17.6976
-17.7251
-17.7251
-17.6976
-17.6437
-17.5662
-17.4699
-17.3591
-17.2381
-17.1105
-16.9796
-16.8483
-16.7191
-16.5937
-16.4735
-16.3593
-16.2514
-16.1502
-16.0556
-15.9674
-15.8853
-15.8091
-15.7383
-15.6728
-15.612
-15.5558
-15.5037
-15.4555
-15.4109
-15.3697
-15.3315
-15.2964
-15.2964
-15.2478
-15.2478
-15.2827
-15.3205
-15.3615
-15.4058
-15.4538
-15.5058
-15.5623
-15.6234
-15.6898
-15.7617
-15.8397
-15.9243
-16.0159
-16.115
-16.2219
-16.3369
-16.4601
-16.5912
-16.7296
-16.8741
-17.0227
-17.1727
-17.3205
-17.4623
-17.594
-17.7106
-17.8059
-17.8719
-17.9052
-17.9052
-17.8718
-17.8058
-17.7105
-17.5939
-17.4622
-17.3204
-17.1726
-17.0227
-16.8741
-16.7296
-16.5912
-16.46
-16.3369
-16.2219
-16.115
-16.0159
-15.9243
-15.8397
-15.7617
-15.6897
-15.6234
-15.5622
-15.5058
-15.4538
-15.4058
-15.3614
-15.3205
-15.2826
-15.2478
-15.2478
-15.1963
-15.1963
-15.2307
-15.2679
-15.3083
-15.3521
-15.3996
-15.4512
-15.5074
-15.5686
-15.6353
-15.708
-15.7873
-15.874
-15.9685
-16.0716
-16.1839
-16.306
-16.4384
-16.5811
-16.7338
-16.8955
-17.0642
-17.2367
-17.4085
-17.5753
-17.733
-17.8758
-17.9972
-18.0786
-18.1184
-18.1184
-18.0786
-17.997
-17.8757
-17.7329
-17.5752
-17.4084
-17.2366
-17.0642
-16.8955
-16.7338
-16.5811
-16.4384
-16.306
-16.1839
-16.0716
-15.9685
-15.8739
-15.7873
-15.708
-15.6353
-15.5686
-15.5074
-15.4512
-15.3996
-15.352
-15.3083
-15.2679
-15.2306
-15.1963
-15.1963
-15.142
-15.142
-15.1756
-15.212
-15.2515
-15.2943
-15.341
-15.3918
-15.4473
-15.508
-15.5745
-15.6474
-15.7274
-15.8154
-15.9122
-16.0187
-16.1359
-16.2647
-16.4061
-16.5607
-16.7287
-16.9096
-17.1017
-17.3009
-17.5014
-17.6971
-17.8867
-18.0622
-18.228
-18.3269
-18.3711
-18.3711
-18.3268
-18.2278
-18.062
-17.8865
-17.697
-17.5013
-17.3009
-17.1016
-16.9096
-16.7287
-16.5607
-16.4061
-16.2647
-16.1359
-16.0187
-15.9122
-15.8154
-15.7274
-15.6474
-15.5745
-15.508
-15.4473
-15.3918
-15.3409
-15.2943
-15.2514
-15.212
-15.1755
-15.142
-15.142
-15.085
-15.085
-15.1175
-15.1527
-15.191
-15.2325
-15.2779
-15.3274
-15.3818
-15.4414
-15.507
-15.5793
-15.6593
-15.7478
-15.8459
-15.9548
-16.0759
-16.2106
-16.3603
-16.5265
-16.7104
-16.9124
-17.1317
-17.3638
-17.5988
-17.8248
-18.0541
-18.2579
-18.5216
-18.62
-18.6547
-18.6547
-18.6199
-18.5214
-18.2577
-18.0539
-17.8246
-17.5986
-17.3637
-17.1316
-16.9124
-16.7104
-16.5265
-16.3603
-16.2106
-16.0759
-15.9548
-15.8459
-15.7477
-15.6593
-15.5793
-15.507
-15.4414
-15.3817
-15.3274
-15.2779
-15.2325
-15.1909
-15.1527
-15.1175
-15.085
-15.085
-15.0254
-15.0254
-15.0565
-15.0902
-15.1268
-15.1667
-15.2103
-15.2581
-15.3106
-15.3685
-15.4325
-15.5035
-15.5823
-15.6702
-15.7685
-15.8786
-16.0022
-16.1412
-16.2979
-16.4745
-16.6736
-16.8978
-17.1486
-17.4234
-17.7048
-17.9485
-18.2373
-18.374
-18.4856
-18.5325
-18.551
-18.551
-18.5324
-18.4854
-18.3738
-18.2371
-17.9483
-17.7046
-17.4233
-17.1486
-16.8978
-16.6736
-16.4745
-16.2979
-16.1412
-16.0022
-15.8786
-15.7685
-15.6702
-15.5823
-15.5034
-15.4325
-15.3685
-15.3106
-15.2581
-15.2103
-15.1667
-15.1268
-15.0902
-15.0565
-15.0254
-15.0254
-14.9634
-14.9634
-14.9927
-15.0245
-15.0592
-15.0969
-15.1383
-15.1837
-15.2338
-15.2893
-15.3508
-15.4194
-15.496
-15.5821
-15.679
-15.7885
-15.9127
-16.054
-16.2152
-16.3996
-16.6115
-16.8561
-17.1414
-17.4762
-17.8439
-18.0056
-18.1191
-18.147
-18.0799
-18.081
-18.0889
-18.0889
-18.081
-18.0799
-18.1469
-18.119
-18.0055
-17.8436
-17.476
-17.1414
-16.8562
-16.6115
-16.3997
-16.2152
-16.054
-15.9127
-15.7885
-15.679
-15.5821
-15.496
-15.4194
-15.3508
-15.2892
-15.2338
-15.1837
-15.1382
-15.0969
-15.0591
-15.0245
-14.9927
-14.9633
-14.9633
-14.899
-14.899
-14.9262
-14.9559
-14.9881
-15.0233
-15.0619
-15.1044
-15.1514
-15.2036
-15.2618
-15.3269
-15.4002
-15.4828
-15.5766
-15.6835
-15.8059
-15.9466
-16.109
-16.2972
-16.5163
-16.7737
-17.0844
-17.4871
-17.6789
-17.7371
-17.6888
-17.6884
-17.6704
-17.6656
-17.6661
-17.6661
-17.6656
-17.6704
-17.6884
-17.6887
-17.7371
-17.6787
-17.487
-17.0845
-16.7738
-16.5163
-16.2973
-16.1091
-15.9466
-15.8059
-15.6835
-15.5766
-15.4828
-15.4001
-15.3269
-15.2618
-15.2036
-15.1514
-15.1044
-15.0618
-15.0232
-14.988
-14.9558
-14.9262
-14.8989
-14.8989
-14.8324
-14.8324
-14.8573
-14.8843
-14.9137
-14.9459
-14.9813
-15.0204
-15.0636
-15.1118
-15.1657
-15.2262
-15.2946
-15.3722
-15.4609
-15.5628
-15.6805
-15.8172
-15.9768
-16.1637
-16.3825
-16.6377
-16.9252
-17.2038
-17.2087
-17.2497
-17.2529
-17.2528
-17.2473
-17.2442
-17.2434
-17.2434
-17.2442
-17.2473
-17.2528
-17.253
-17.2497
-17.2086
-17.2038
-16.9253
-16.6378
-16.3826
-16.1638
-15.9769
-15.8173
-15.6805
-15.5628
-15.4609
-15.3722
-15.2945
-15.2262
-15.1656
-15.1118
-15.0636
-15.0203
-14.9813
-14.9459
-14.9137
-14.8843
-14.8572
-14.8324
-14.8324
-14.7638
-14.7638
-14.786
-14.8101
-14.8364
-14.8652
-14.8968
-14.9318
-14.9707
-15.014
-15.0626
-15.1173
-15.1794
-15.2503
-15.3317
-15.4259
-15.5358
-15.6647
-15.8171
-15.9979
-16.2121
-16.4635
-16.7428
-16.7593
-16.7888
-16.8117
-16.82
-16.8224
-16.8214
-16.8203
-16.8197
-16.8197
-16.8203
-16.8214
-16.8224
-16.82
-16.8117
-16.7888
-16.7593
-16.7429
-16.4636
-16.2123
-15.998
-15.8172
-15.6648
-15.5358
-15.4259
-15.3317
-15.2503
-15.1794
-15.1173
-15.0625
-15.014
-14.9706
-14.9318
-14.8968
-14.8652
-14.8364
-14.8101
-14.786
-14.7638
-14.7638
-14.6934
-14.6934
-14.7126
-14.7335
-14.7563
-14.7813
-14.8088
-14.8392
-14.873
-14.9107
-14.953
-15.0009
-15.0553
-15.1176
-15.1895
-15.2733
-15.3717
-15.4886
-15.6289
-15.7985
-16.0039
-16.2332
-16.428
-16.3805
-16.3806
-16.3877
-16.3927
-16.395
-16.3955
-16.3954
-16.3953
-16.3953
-16.3954
-16.3956
-16.3951
-16.3927
-16.3878
-16.3806
-16.3806
-16.4281
-16.2333
-16.0041
-15.7987
-15.6289
-15.4887
-15.3717
-15.2733
-15.1895
-15.1176
-15.0552
-15.0008
-14.953
-14.9107
-14.8729
-14.8392
-14.8088
-14.7813
-14.7563
-14.7335
-14.7126
-14.6934
-14.6934
-14.6214
-14.6214
-14.6374
-14.6548
-14.6738
-14.6947
-14.7176
-14.7429
-14.7711
-14.8025
-14.8378
-14.8776
-14.923
-14.975
-15.0352
-15.1056
-15.189
-15.2889
-15.4109
-15.5633
-15.7609
-16.0083
-15.9804
-15.969
-15.9648
-15.9658
-15.9678
-15.9693
-15.9701
-15.9704
-15.9705
-15.9705
-15.9704
-15.9701
-15.9693
-15.9678
-15.9658
-15.9649
-15.9691
-15.9806
-16.0084
-15.761
-15.5634
-15.411
-15.2889
-15.189
-15.1056
-15.0352
-14.975
-14.9229
-14.8776
-14.8377
-14.8025
-14.771
-14.7429
-14.7176
-14.6946
-14.6738
-14.6548
-14.6373
-14.6213
-14.6213
-14.5479
-14.5479
-14.5605
-14.5743
-14.5893
-14.6057
-14.6237
-14.6436
-14.6657
-14.6902
-14.7177
-14.7486
-14.7838
-14.824
-14.8705
-14.9249
-14.9893
-15.067
-15.1622
-15.2825
-15.439
-15.6348
-15.5673
-15.5498
-15.5436
-15.5425
-15.5431
-15.5441
-15.5448
-15.5453
-15.5455
-15.5455
-15.5453
-15.5448
-15.5441
-15.5432
-15.5426
-15.5438
-15.5499
-15.5675
-15.635
-15.4391
-15.2826
-15.1623
-15.067
-14.9893
-14.9249
-14.8705
-14.8239
-14.7837
-14.7486
-14.7177
-14.6902
-14.6657
-14.6436
-14.6237
-14.6056
-14.5892
-14.5742
-14.5605
-14.5479
-14.5479
-14.4733
-14.4733
-14.4823
-14.4922
-14.503
-14.5148
-14.5278
-14.542
-14.5576
-14.5748
-14.5939
-14.6152
-14.6392
-14.6664
-14.6976
-14.7338
-14.7763
-14.8271
-14.8884
-14.9627
-15.045
-15.1121
-15.1209
-15.119
-15.1173
-15.1171
-15.1179
-15.1188
-15.1196
-15.1202
-15.1205
-15.1205
-15.1202
-15.1197
-15.1188
-15.1179
-15.1172
-15.1174
-15.1192
-15.1211
-15.1123
-15.0451
-14.9627
-14.8884
-14.8271
-14.7763
-14.7338
-14.6976
-14.6664
-14.6392
-14.6152
-14.5939
-14.5748
-14.5575
-14.5419
-14.5277
-14.5148
-14.503
-14.4922
-14.4823
-14.4732
-14.4732
-14.3977
-14.3977
-14.4031
-14.409
-14.4156
-14.4227
-14.4303
-14.4386
-14.4476
-14.4572
-14.4677
-14.479
-14.4912
-14.5047
-14.5195
-14.5361
-14.5549
-14.5764
-14.6014
-14.6302
-14.6571
-14.676
-14.685
-14.6878
-14.6893
-14.6907
-14.6921
-14.6934
-14.6945
-14.6952
-14.6955
-14.6955
-14.6952
-14.6945
-14.6935
-14.6922
-14.6908
-14.6894
-14.6879
-14.6851
-14.6762
-14.6571
-14.63
-14.6013
-14.5764
-14.5548
-14.5361
-14.5195
-14.5046
-14.4912
-14.4789
-14.4676
-14.4572
-14.4476
-14.4386
-14.4303
-14.4226
-14.4155
-14.409
-14.403
-14.3976
-14.3976
-14.3213
-14.3213
-14.3231
-14.3251
-14.3273
-14.3297
-14.3321
-14.3344
-14.3367
-14.3387
-14.3403
-14.3415
-14.3418
-14.3413
-14.3395
-14.336
-14.3304
-14.3221
-14.3104
-14.295
-14.2747
-14.2584
-14.2548
-14.2576
-14.2611
-14.264
-14.2664
-14.2681
-14.2694
-14.2702
-14.2707
-14.2707
-14.2702
-14.2694
-14.2682
-14.2664
-14.2641
-14.2612
-14.2577
-14.255
-14.2586
-14.2747
-14.2948
-14.3103
-14.322
-14.3304
-14.3359
-14.3394
-14.3412
-14.3418
-14.3414
-14.3403
-14.3387
-14.3366
-14.3344
-14.332
-14.3296
-14.3273
-14.325
-14.323
-14.3212
-14.3212
-14.2444
-14.2444
-14.2426
-14.2407
-14.2387
-14.2364
-14.2336
-14.2302
-14.2258
-14.2203
-14.2133
-14.2044
-14.1932
-14.1789
-14.1608
-14.1378
-14.1085
-14.071
-14.0229
-13.9618
-13.8874
-13.8228
-13.8188
-13.8264
-13.8332
-13.8378
-13.8409
-13.843
-13.8445
-13.8455
-13.846
-13.846
-13.8455
-13.8445
-13.8431
-13.841
-13.8379
-13.8333
-13.8266
-13.819
-13.823
-13.8873
-13.9616
-14.0227
-14.0708
-14.1084
-14.1377
-14.1607
-14.1788
-14.1931
-14.2044
-14.2133
-14.2202
-14.2258
-14.2301
-14.2336
-14.2364
-14.2387
-14.2407
-14.2425
-14.2443
-14.2443
-14.1672
-14.1672
-14.1619
-14.1563
-14.1502
-14.1434
-14.1356
-14.1265
-14.1159
-14.1032
-14.088
-14.0696
-14.0473
-14.0202
-13.9869
-13.9457
-13.8946
-13.8302
-13.7481
-13.6408
-13.4942
-13.3013
-13.3726
-13.3959
-13.4073
-13.413
-13.4162
-13.4183
-13.4199
-13.421
-13.4216
-13.4216
-13.4211
-13.4199
-13.4184
-13.4162
-13.413
-13.4073
-13.396
-13.3727
-13.3014
-13.4941
-13.6405
-13.7478
-13.83
-13.8944
-13.9456
-13.9868
-14.0201
-14.0473
-14.0695
-14.0879
-14.1031
-14.1158
-14.1265
-14.1355
-14.1433
-14.1502
-14.1562
-14.1618
-14.1671
-14.1671
-14.0898
-14.0898
-14.0813
-14.0722
-14.0622
-14.0511
-14.0386
-14.0243
-14.0077
-13.9884
-13.9655
-13.9385
-13.9062
-13.8674
-13.8205
-13.7635
-13.6936
-13.6069
-13.4981
-13.3586
-13.1731
-12.93
-12.9599
-12.9772
-12.9867
-12.9904
-12.9923
-12.994
-12.9956
-12.9969
-12.9976
-12.9976
-12.9969
-12.9956
-12.994
-12.9923
-12.9905
-12.9868
-12.9773
-12.96
-12.9299
-13.1727
-13.3583
-13.4979
-13.6067
-13.6934
-13.7634
-13.8204
-13.8673
-13.9061
-13.9384
-13.9655
-13.9883
-14.0077
-14.0243
-14.0386
-14.0511
-14.0622
-14.0721
-14.0812
-14.0898
-14.0898
-14.0126
-14.0126
-14.0011
-13.9886
-13.9751
-13.9601
-13.9433
-13.9242
-13.9022
-13.8768
-13.8471
-13.8123
-13.7712
-13.7224
-13.6641
-13.594
-13.5091
-13.4057
-13.2787
-13.122
-12.9296
-12.7077
-12.5139
-12.5663
-12.5718
-12.5694
-12.5685
-12.5694
-12.5714
-12.5732
-12.5741
-12.5741
-12.5732
-12.5714
-12.5694
-12.5685
-12.5694
-12.5718
-12.5664
-12.514
-12.7076
-12.9292
-13.1217
-13.2785
-13.4055
-13.5089
-13.5938
-13.664
-13.7223
-13.7711
-13.8123
-13.8471
-13.8767
-13.9022
-13.9241
-13.9433
-13.9601
-13.9751
-13.9886
-14.001
-14.0126
-14.0126
-13.9357
-13.9357
-13.9214
-13.906
-13.8893
-13.8708
-13.8501
-13.8267
-13.8
-13.7692
-13.7337
-13.6923
-13.6438
-13.5868
-13.5193
-13.439
-13.343
-13.2277
-13.0888
-12.9211
-12.7195
-12.4794
-12.2033
-12.1886
-12.1646
-12.1467
-12.1426
-12.1436
-12.1471
-12.15
-12.1514
-12.1514
-12.15
-12.1471
-12.1436
-12.1426
-12.1467
-12.1647
-12.1887
-12.2033
-12.4791
-12.7193
-12.9208
-13.0886
-13.2275
-13.3428
-13.4389
-13.5192
-13.5867
-13.6438
-13.6922
-13.7336
-13.7692
-13.7999
-13.8266
-13.85
-13.8707
-13.8892
-13.906
-13.9214
-13.9357
-13.9357
-13.8593
-13.8593
-13.8426
-13.8246
-13.805
-13.7834
-13.7593
-13.7323
-13.7015
-13.6663
-13.6259
-13.5792
-13.5248
-13.4614
-13.3871
-13.2995
-13.196
-13.0733
-12.9274
-12.7538
-12.5478
-12.3048
-12.0256
-11.7483
-11.746
-11.7102
-11.7113
-11.715
-11.7233
-11.7282
-11.7299
-11.7299
-11.7282
-11.7233
-11.715
-11.7113
-11.7102
-11.7461
-11.7485
-12.0256
-12.3045
-12.5476
-12.7536
-12.9272
-13.0731
-13.1959
-13.2994
-13.3869
-13.4613
-13.5248
-13.5791
-13.6258
-13.6663
-13.7014
-13.7322
-13.7593
-13.7834
-13.805
-13.8245
-13.8425
-13.8593
-13.8593
-13.7836
-13.7836
-13.7648
-13.7445
-13.7225
-13.6984
-13.6715
-13.6413
-13.6073
-13.5685
-13.5243
-13.4734
-13.4148
-13.3468
-13.2678
-13.1758
-13.0681
-12.9418
-12.7935
-12.6189
-12.4129
-12.1677
-11.8682
-11.4719
-11.2811
-11.2248
-11.2776
-11.2818
-11.3026
-11.3094
-11.3098
-11.3098
-11.3094
-11.3025
-11.2817
-11.2776
-11.2248
-11.2812
-11.472
-11.8681
-12.1675
-12.4127
-12.6187
-12.7933
-12.9417
-13.0679
-13.1756
-13.2677
-13.3467
-13.4147
-13.4733
-13.5242
-13.5685
-13.6072
-13.6413
-13.6714
-13.6983
-13.7225
-13.7445
-13.7647
-13.7835
-13.7835
-13.7086
-13.7086
-13.6881
-13.6661
-13.6421
-13.6158
-13.5867
-13.5541
-13.5175
-13.4761
-13.429
-13.3753
-13.3138
-13.2431
-13.1616
-13.0675
-12.9585
-12.8322
-12.6856
-12.5153
-12.3169
-12.0848
-11.811
-11.4864
-11.1247
-10.9643
-10.8516
-10.8261
-10.896
-10.897
-10.8902
-10.8902
-10.897
-10.896
-10.8261
-10.8516
-10.9644
-11.1249
-11.4865
-11.811
-12.0847
-12.3168
-12.5152
-12.6855
-12.8321
-12.9584
-13.0673
-13.1615
-13.243
-13.3137
-13.3752
-13.4289
-13.476
-13.5174
-13.5541
-13.5866
-13.6158
-13.6421
-13.666
-13.6881
-13.7086
-13.7086
-13.6346
-13.6346
-13.6128
-13.5893
-13.5639
-13.536
-13.5051
-13.4708
-13.4324
-13.3891
-13.3402
-13.2848
-13.2218
-13.1499
-13.0678
-12.9738
-12.8661
-12.7428
-12.6014
-12.4395
-12.2544
-12.0434
-11.8046
-11.5405
-11.2683
-11.031
-10.7448
-10.6092
-10.4981
-10.4517
-10.4334
-10.4335
-10.4517
-10.4982
-10.6093
-10.745
-11.0313
-11.2684
-11.5406
-11.8046
-12.0434
-12.2544
-12.4395
-12.6013
-12.7427
-12.866
-12.9737
-13.0677
-13.1498
-13.2217
-13.2848
-13.3402
-13.389
-13.4323
-13.4707
-13.5051
-13.5359
-13.5638
-13.5893
-13.6128
-13.6346
-13.6346
-13.5616
-13.5616
-13.5389
-13.5144
-13.4879
-13.4589
-13.4269
-13.3914
-13.3519
-13.3076
-13.2579
-13.2018
-13.1385
-13.0668
-12.9856
-12.8936
-12.7893
-12.6711
-12.5375
-12.3869
-12.2178
-12.0296
-11.8231
-11.6025
-11.3775
-11.1597
-10.9373
-10.7376
-10.4755
-10.3776
-10.3431
-10.3432
-10.3777
-10.4758
-10.7379
-10.9375
-11.1599
-11.3776
-11.6026
-11.8232
-12.0296
-12.2178
-12.3868
-12.5375
-12.6711
-12.7892
-12.8935
-12.9856
-13.0668
-13.1384
-13.2017
-13.2578
-13.3075
-13.3518
-13.3914
-13.4268
-13.4588
-13.4878
-13.5144
-13.5389
-13.5616
-13.5616
-13.4898
-13.4898
-13.4665
-13.4414
-13.4142
-13.3846
-13.352
-13.3159
-13.2759
-13.2314
-13.1816
-13.1259
-13.0633
-12.9931
-12.9142
-12.8256
-12.7262
-12.6148
-12.4905
-12.3524
-12.2002
-12.034
-11.8556
-11.6687
-11.4792
-11.2928
-11.1109
-10.9412
-10.7799
-10.684
-10.6413
-10.6413
-10.6842
-10.7801
-10.9414
-11.111
-11.2929
-11.4793
-11.6688
-11.8557
-12.034
-12.2001
-12.3524
-12.4905
-12.6148
-12.7261
-12.8255
-12.9142
-12.9931
-13.0633
-13.1258
-13.1816
-13.2313
-13.2759
-13.3159
-13.3519
-13.3845
-13.4142
-13.4414
-13.4665
-13.4898
-13.4898
-13.4192
-13.4192
-13.3957
-13.3704
-13.3429
-13.313
-13.2803
-13.2443
-13.2044
-13.1603
-13.1112
-13.0566
-12.9957
-12.9279
-12.8524
-12.7682
-12.6748
-12.5713
-12.4571
-12.3321
-12.1962
-12.0504
-11.8965
-11.7375
-11.5776
-11.4211
-11.2721
-11.1362
-11.02
-10.942
-10.9039
-10.904
-10.942
-11.0201
-11.1363
-11.2722
-11.4213
-11.5777
-11.7375
-11.8965
-12.0504
-12.1962
-12.3321
-12.4571
-12.5712
-12.6747
-12.7682
-12.8523
-12.9279
-12.9957
-13.0565
-13.1112
-13.1602
-13.2044
-13.2442
-13.2803
-13.313
-13.3429
-13.3703
-13.3957
-13.4192
-13.4192
-13.3499
-13.3499
-13.3265
-13.3012
-13.2739
-13.2442
-13.2118
-13.1762
-13.1371
-13.0939
-13.0462
-12.9934
-12.935
-12.8703
-12.7989
-12.72
-12.6333
-12.5382
-12.4345
-12.3223
-12.2021
-12.0748
-11.9422
-11.807
-11.6723
-11.542
-11.42
-11.3112
-11.2218
-11.1597
-11.1284
-11.1285
-11.1598
-11.2219
-11.3113
-11.42
-11.5421
-11.6724
-11.807
-11.9423
-12.0748
-12.2021
-12.3223
-12.4345
-12.5382
-12.6333
-12.72
-12.7988
-12.8703
-12.9349
-12.9934
-13.0461
-13.0939
-13.137
-13.1762
-13.2118
-13.2442
-13.2739
-13.3012
-13.3264
-13.3498
-13.3498
-13.2818
-13.2818
-13.2588
-13.234
-13.2072
-13.1781
-13.1463
-13.1117
-13.0736
-13.0319
-12.9861
-12.9357
-12.8803
-12.8194
-12.7527
-12.6796
-12.6
-12.5136
-12.4203
-12.3206
-12.2148
-12.1043
-11.9905
-11.8757
-11.7626
-11.6543
-11.5544
-11.4668
-11.3961
-11.3467
-11.3215
-11.3215
-11.3467
-11.3961
-11.4669
-11.5545
-11.6544
-11.7627
-11.8758
-11.9905
-12.1043
-12.2148
-12.3205
-12.4203
-12.5135
-12.6
-12.6796
-12.7526
-12.8194
-12.8802
-12.9357
-12.9861
-13.0319
-13.0736
-13.1116
-13.1463
-13.178
-13.2071
-13.234
-13.2588
-13.2818
-13.2818
-13.2152
-13.2152
-13.1928
-13.1686
-13.1426
-13.1144
-13.0837
-13.0503
-13.0138
-12.974
-12.9304
-12.8829
-12.8309
-12.7743
-12.7126
-12.6457
-12.5734
-12.4956
-12.4125
-12.3245
-12.2323
-12.1369
-12.0397
-11.9426
-11.8479
-11.7582
-11.6764
-11.6055
-11.5488
-11.5094
-11.4891
-11.4891
-11.5094
-11.5488
-11.6055
-11.6764
-11.7583
-11.848
-11.9426
-12.0397
-12.1369
-12.2323
-12.3245
-12.4125
-12.4956
-12.5734
-12.6457
-12.7126
-12.7742
-12.8309
-12.8828
-12.9304
-12.9739
-13.0138
-13.0502
-13.0836
-13.1143
-13.1426
-13.1686
-13.1928
-13.2151
-13.2151
-13.1498
-13.1498
-13.1283
-13.1051
-13.0801
-13.053
-13.0236
-12.9918
-12.9572
-12.9196
-12.8787
-12.8343
-12.7861
-12.734
-12.6777
-12.617
-12.5521
-12.4828
-12.4095
-12.3327
-12.2529
-12.1711
-12.0886
-12.007
-11.9281
-11.8541
-11.7872
-11.7298
-11.6842
-11.6526
-11.6365
-11.6365
-11.6527
-11.6843
-11.7298
-11.7872
-11.8541
-11.9282
-12.007
-12.0886
-12.1711
-12.2529
-12.3327
-12.4095
-12.4828
-12.552
-12.617
-12.6776
-12.734
-12.7861
-12.8343
-12.8787
-12.9195
-12.9571
-12.9917
-13.0236
-13.0529
-13.08
-13.1051
-13.1283
-13.1498
-13.1498
-13.0858
-13.0858
-13.0653
-13.0433
-13.0194
-12.9937
-12.966
-12.9359
-12.9034
-12.8683
-12.8304
-12.7894
-12.7452
-12.6978
-12.6469
-12.5926
-12.5349
-12.4739
-12.41
-12.3436
-12.2752
-12.2059
-12.1365
-12.0685
-12.0034
-11.9428
-11.8884
-11.8421
-11.8056
-11.7804
-11.7675
-11.7675
-11.7804
-11.8056
-11.8421
-11.8884
-11.9428
-12.0034
-12.0686
-12.1365
-12.2059
-12.2752
-12.3436
-12.41
-12.4739
-12.5349
-12.5926
-12.6469
-12.6978
-12.7452
-12.7894
-12.8303
-12.8683
-12.9034
-12.9359
-12.9659
-12.9937
-13.0194
-13.0432
-13.0653
-13.0858
-13.0858
-13.0231
-13.0231
-13.0038
-12.983
-12.9606
-12.9365
-12.9104
-12.8824
-12.8522
-12.8198
-12.7849
-12.7475
-12.7075
-12.6649
-12.6195
-12.5715
-12.5209
-12.4679
-12.4129
-12.3563
-12.2985
-12.2405
-12.183
-12.1271
-12.074
-12.025
-11.9814
-11.9445
-11.9156
-11.8957
-11.8855
-11.8855
-11.8957
-11.9156
-11.9445
-11.9814
-12.025
-12.074
-12.1271
-12.183
-12.2405
-12.2985
-12.3562
-12.4129
-12.4679
-12.5209
-12.5715
-12.6195
-12.6648
-12.7075
-12.7475
-12.7849
-12.8197
-12.8522
-12.8824
-12.9104
-12.9364
-12.9606
-12.983
-13.0038
-13.023
-13.023
-12.9634
-12.9634
-12.9454
-12.926
-12.9051
-12.8825
-12.8583
-12.8324
-12.8045
-12.7748
-12.743
-12.7092
-12.6733
-12.6352
-12.5952
-12.5531
-12.5092
-12.4637
-12.4168
-12.3691
-12.3209
-12.2729
-12.2259
-12.1805
-12.1378
-12.0988
-12.0642
-12.0352
-12.0126
-11.9971
-11.9892
-11.9892
-11.9971
-12.0126
-12.0352
-12.0642
-12.0988
-12.1379
-12.1805
-12.2259
-12.2729
-12.3209
-12.3691
-12.4168
-12.4637
-12.5092
-12.5531
-12.5951
-12.6352
-12.6732
-12.7092
-12.743
-12.7748
-12.8045
-12.8323
-12.8583
-12.8825
-12.905
-12.926
-12.9454
-12.9634
-12.9634
-12.569
-12.569
-12.5521
-12.5338
-12.5141
-12.4929
-12.4702
-12.4459
-12.42
-12.3924
-12.3631
-12.332
-12.2993
-12.2648
-12.2288
-12.1912
-12.1523
-12.1123
-12.0715
-12.0303
-11.989
-11.9483
-11.9087
-11.8708
-11.8354
-11.8033
-11.7751
-11.7515
-11.7332
-11.7207
-11.7144
-11.7144
-11.7207
-11.7332
-11.7515
-11.7751
-11.8033
-11.8354
-11.8708
-11.9087
-11.9483
-11.989
-12.0303
-12.0715
-12.1123
-12.1523
-12.1912
-12.2288
-12.2648
-12.2993
-12.332
-12.3631
-12.3924
-12.42
-12.4459
-12.4702
-12.4929
-12.5141
-12.5338
-12.5521
-12.569
-12.569
-11.8829
-11.8829
-11.8668
-11.8494
-11.8306
-11.8104
-11.7888
-11.7658
-11.7412
-11.7152
-11.6876
-11.6586
-11.628
-11.596
-11.5628
-11.5283
-11.4927
-11.4564
-11.4196
-11.3825
-11.3457
-11.3096
-11.2746
-11.2414
-11.2106
-11.1827
-11.1583
-11.138
-11.1223
-11.1116
-11.1062
-11.1062
-11.1116
-11.1223
-11.138
-11.1583
-11.1827
-11.2106
-11.2415
-11.2747
-11.3096
-11.3457
-11.3826
-11.4196
-11.4564
-11.4927
-11.5283
-11.5627
-11.596
-11.628
-11.6585
-11.6876
-11.7152
-11.7412
-11.7657
-11.7888
-11.8104
-11.8306
-11.8493
-11.8668
-11.8829
-11.8829
-11.2421
-11.2421
-11.2268
-11.2102
-11.1923
-11.1731
-11.1526
-11.1308
-11.1076
-11.083
-11.0571
-11.0298
-11.0013
-10.9716
-10.9407
-10.9089
-10.8763
-10.8432
-10.8097
-10.7762
-10.7431
-10.7107
-10.6796
-10.6502
-10.6229
-10.5984
-10.577
-10.5593
-10.5457
-10.5364
-10.5317
-10.5317
-10.5364
-10.5457
-10.5593
-10.5771
-10.5984
-10.623
-10.6502
-10.6796
-10.7108
-10.7431
-10.7762
-10.8097
-10.8432
-10.8763
-10.9089
-10.9407
-10.9716
-11.0013
-11.0298
-11.0571
-11.083
-11.1076
-11.1308
-11.1526
-11.1731
-11.1923
-11.2102
-11.2268
-11.2421
-11.2421
-10.6023
-10.6023
-10.5878
-10.5721
-10.5551
-10.537
-10.5176
-10.4969
-10.475
-10.4519
-10.4276
-10.4021
-10.3755
-10.3479
-10.3194
-10.2901
-10.2603
-10.23
-10.1995
-10.1693
-10.1394
-10.1104
-10.0826
-10.0565
-10.0324
-10.0107
-9.99192
-9.97639
-9.96443
-9.9563
-9.95219
-9.95219
-9.95631
-9.96443
-9.97639
-9.99193
-10.0107
-10.0324
-10.0565
-10.0827
-10.1104
-10.1394
-10.1693
-10.1996
-10.23
-10.2603
-10.2901
-10.3194
-10.3479
-10.3755
-10.4021
-10.4276
-10.4519
-10.475
-10.4969
-10.5175
-10.5369
-10.5551
-10.5721
-10.5878
-10.6023
-10.6023
-9.96363
-9.96363
-9.94996
-9.9351
-9.91909
-9.90194
-9.88364
-9.8642
-9.84363
-9.82196
-9.79921
-9.77545
-9.75073
-9.72516
-9.69883
-9.67188
-9.64449
-9.61685
-9.58919
-9.56177
-9.53488
-9.50883
-9.48397
-9.46065
-9.43922
-9.42005
-9.40346
-9.38978
-9.37927
-9.37214
-9.36853
-9.36853
-9.37214
-9.37927
-9.38979
-9.40347
-9.42005
-9.43923
-9.46065
-9.48398
-9.50884
-9.53488
-9.56178
-9.58919
-9.61685
-9.64449
-9.67188
-9.69882
-9.72515
-9.75073
-9.77544
-9.7992
-9.82195
-9.84362
-9.86419
-9.88363
-9.90192
-9.91908
-9.93508
-9.94994
-9.96361
-9.96361
-9.32599
-9.32599
-9.31315
-9.29918
-9.28412
-9.26799
-9.25079
-9.23254
-9.21327
-9.193
-9.17177
-9.14966
-9.12672
-9.10305
-9.07876
-9.05399
-9.0289
-9.00368
-8.97852
-8.95368
-8.9294
-8.90597
-8.88369
-8.86285
-8.84376
-8.82673
-8.81203
-8.79994
-8.79066
-8.78437
-8.78119
-8.78119
-8.78437
-8.79066
-8.79994
-8.81204
-8.82673
-8.84377
-8.86285
-8.88369
-8.90598
-8.92941
-8.95368
-8.97853
-9.00368
-9.0289
-9.05399
-9.07876
-9.10304
-9.12671
-9.14965
-9.17177
-9.19299
-9.21326
-9.23253
-9.25078
-9.26798
-9.28411
-9.29916
-9.31314
-9.32598
-9.32598
-8.68938
-8.68938
-8.67737
-8.66427
-8.65016
-8.63504
-8.61893
-8.60185
-8.58384
-8.56492
-8.54516
-8.52462
-8.50336
-8.48149
-8.45911
-8.43636
-8.41338
-8.39036
-8.36748
-8.34495
-8.32301
-8.3019
-8.28188
-8.26322
-8.24617
-8.231
-8.21794
-8.2072
-8.19898
-8.19342
-8.19061
-8.19061
-8.19342
-8.19898
-8.20721
-8.21794
-8.23101
-8.24618
-8.26322
-8.28189
-8.3019
-8.32301
-8.34495
-8.36748
-8.39036
-8.41338
-8.43636
-8.45911
-8.48148
-8.50335
-8.52461
-8.54515
-8.56491
-8.58383
-8.60184
-8.61892
-8.63503
-8.65015
-8.66426
-8.67735
-8.68937
-8.68937
-8.05375
-8.05375
-8.04255
-8.03033
-8.01715
-8.00302
-7.98797
-7.97203
-7.95524
-7.93763
-7.91927
-7.90022
-7.88055
-7.86037
-7.83977
-7.81888
-7.79785
-7.77684
-7.75601
-7.73557
-7.71572
-7.69667
-7.67866
-7.66191
-7.64665
-7.6331
-7.62145
-7.6119
-7.60459
-7.59964
-7.59715
-7.59715
-7.59964
-7.60459
-7.6119
-7.62145
-7.6331
-7.64666
-7.66192
-7.67867
-7.69668
-7.71572
-7.73557
-7.75601
-7.77684
-7.79785
-7.81888
-7.83977
-7.86036
-7.88055
-7.90021
-7.91927
-7.93763
-7.95523
-7.97202
-7.98796
-8.00301
-8.01713
-8.03032
-8.04254
-8.05374
-8.05374
-7.41906
-7.41906
-7.40866
-7.39729
-7.38501
-7.37186
-7.35784
-7.34301
-7.32739
-7.31104
-7.29402
-7.27638
-7.25821
-7.2396
-7.22066
-7.20149
-7.18225
-7.16306
-7.1441
-7.12554
-7.10756
-7.09035
-7.07412
-7.05906
-7.04536
-7.03322
-7.02281
-7.01428
-7.00776
-7.00336
-7.00114
-7.00114
-7.00336
-7.00776
-7.01428
-7.02281
-7.03323
-7.04537
-7.05906
-7.07412
-7.09035
-7.10756
-7.12554
-7.1441
-7.16306
-7.18224
-7.20149
-7.22065
-7.2396
-7.25821
-7.27637
-7.29401
-7.31103
-7.32738
-7.343
-7.35783
-7.37185
-7.385
-7.39728
-7.40865
-7.41905
-7.41905
-6.78527
-6.78527
-6.77564
-6.7651
-6.75371
-6.74149
-6.72848
-6.71471
-6.70022
-6.68507
-6.66931
-6.65301
-6.63625
-6.61912
-6.60171
-6.58413
-6.56652
-6.54901
-6.53174
-6.51487
-6.49857
-6.483
-6.46835
-6.45478
-6.44247
-6.43157
-6.42223
-6.4146
-6.40877
-6.40483
-6.40285
-6.40285
-6.40483
-6.40877
-6.4146
-6.42224
-6.43157
-6.44247
-6.45478
-6.46835
-6.483
-6.49857
-6.51487
-6.53174
-6.549
-6.56652
-6.58413
-6.6017
-6.61911
-6.63625
-6.65301
-6.66931
-6.68507
-6.70022
-6.7147
-6.72847
-6.74148
-6.7537
-6.76509
-6.77563
-6.78526
-6.78526
-6.15232
-6.15232
-6.14345
-6.13372
-6.12318
-6.11187
-6.09983
-6.08708
-6.07367
-6.05966
-6.0451
-6.03006
-6.01462
-5.99886
-5.98287
-5.96676
-5.95065
-5.93466
-5.91892
-5.90358
-5.88879
-5.87469
-5.86144
-5.8492
-5.8381
-5.8283
-5.81991
-5.81306
-5.80783
-5.8043
-5.80252
-5.80252
-5.8043
-5.80783
-5.81306
-5.81991
-5.8283
-5.8381
-5.8492
-5.86144
-5.87469
-5.88879
-5.90358
-5.91892
-5.93465
-5.95064
-5.96676
-5.98286
-5.99885
-6.01461
-6.03006
-6.0451
-6.05965
-6.07366
-6.08707
-6.09982
-6.11187
-6.12318
-6.13371
-6.14345
-6.15232
-6.15232
-5.52019
-5.52019
-5.51205
-5.5031
-5.49339
-5.48295
-5.47183
-5.46005
-5.44768
-5.43475
-5.42132
-5.40747
-5.39326
-5.37877
-5.3641
-5.34934
-5.33461
-5.32
-5.30566
-5.2917
-5.27826
-5.26548
-5.25348
-5.24241
-5.2324
-5.22356
-5.21601
-5.20984
-5.20514
-5.20197
-5.20037
-5.20037
-5.20197
-5.20514
-5.20984
-5.21601
-5.22356
-5.2324
-5.24242
-5.25348
-5.26548
-5.27826
-5.2917
-5.30566
-5.32
-5.3346
-5.34934
-5.3641
-5.37877
-5.39325
-5.40746
-5.42132
-5.43474
-5.44767
-5.46005
-5.47182
-5.48294
-5.49338
-5.50309
-5.51204
-5.52019
-5.52019
-4.88883
-4.88883
-4.88139
-4.87319
-4.86427
-4.85467
-4.84443
-4.83359
-4.8222
-4.81029
-4.79793
-4.78519
-4.77213
-4.75883
-4.74538
-4.73187
-4.71839
-4.70505
-4.69197
-4.67926
-4.66704
-4.65543
-4.64456
-4.63454
-4.62548
-4.61749
-4.61068
-4.60512
-4.60088
-4.59802
-4.59659
-4.59659
-4.59802
-4.60088
-4.60512
-4.61068
-4.61749
-4.62548
-4.63454
-4.64456
-4.65543
-4.66704
-4.67926
-4.69197
-4.70505
-4.71838
-4.73186
-4.74538
-4.75883
-4.77213
-4.78519
-4.79793
-4.81028
-4.82219
-4.83359
-4.84443
-4.85467
-4.86426
-4.87318
-4.88139
-4.88883
-4.88883
-4.25821
-4.25821
-4.25144
-4.24395
-4.23579
-4.227
-4.21761
-4.20765
-4.19718
-4.18625
-4.1749
-4.16319
-4.15121
-4.13901
-4.12669
-4.11431
-4.10199
-4.08981
-4.07787
-4.06629
-4.05517
-4.04462
-4.03475
-4.02566
-4.01745
-4.01022
-4.00406
-3.99903
-3.9952
-3.99262
-3.99133
-3.99133
-3.99262
-3.9952
-3.99903
-4.00406
-4.01022
-4.01745
-4.02566
-4.03475
-4.04462
-4.05517
-4.06629
-4.07787
-4.08981
-4.10199
-4.11431
-4.12668
-4.13901
-4.1512
-4.16319
-4.17489
-4.18624
-4.19718
-4.20765
-4.2176
-4.227
-4.23579
-4.24394
-4.25143
-4.2582
-4.2582
-3.62827
-3.62827
-3.62215
-3.61535
-3.60792
-3.5999
-3.59131
-3.5822
-3.57261
-3.56258
-3.55218
-3.54145
-3.53046
-3.51929
-3.508
-3.49668
-3.48541
-3.47428
-3.46339
-3.45283
-3.4427
-3.4331
-3.42412
-3.41586
-3.40841
-3.40185
-3.39626
-3.39171
-3.38824
-3.38591
-3.38473
-3.38473
-3.38591
-3.38824
-3.39171
-3.39626
-3.40185
-3.40841
-3.41586
-3.42412
-3.4331
-3.4427
-3.45283
-3.46339
-3.47428
-3.48541
-3.49668
-3.508
-3.51929
-3.53046
-3.54144
-3.55217
-3.56258
-3.5726
-3.58219
-3.5913
-3.59989
-3.60792
-3.61535
-3.62214
-3.62826
-3.62826
-2.99899
-2.99899
-2.99349
-2.98735
-2.98062
-2.97333
-2.96551
-2.9572
-2.94843
-2.93927
-2.92975
-2.91993
-2.90988
-2.89965
-2.88932
-2.87897
-2.86867
-2.8585
-2.84855
-2.83891
-2.82967
-2.82092
-2.81274
-2.80523
-2.79845
-2.79249
-2.78741
-2.78327
-2.78012
-2.778
-2.77694
-2.77694
-2.778
-2.78012
-2.78327
-2.78741
-2.79249
-2.79845
-2.80522
-2.81274
-2.82092
-2.82967
-2.83891
-2.84855
-2.8585
-2.86866
-2.87897
-2.88932
-2.89965
-2.90987
-2.91993
-2.92974
-2.93926
-2.94843
-2.95719
-2.9655
-2.97332
-2.98062
-2.98735
-2.99349
-2.99898
-2.99898
-2.37033
-2.37033
-2.36543
-2.35993
-2.35386
-2.34727
-2.34017
-2.33262
-2.32464
-2.31628
-2.3076
-2.29863
-2.28944
-2.28009
-2.27065
-2.26118
-2.25176
-2.24247
-2.23338
-2.22457
-2.21613
-2.20814
-2.20068
-2.19383
-2.18765
-2.18221
-2.17759
-2.17382
-2.17095
-2.16902
-2.16805
-2.16805
-2.16902
-2.17095
-2.17382
-2.17759
-2.18221
-2.18765
-2.19383
-2.20068
-2.20814
-2.21613
-2.22457
-2.23338
-2.24247
-2.25176
-2.26118
-2.27065
-2.28009
-2.28944
-2.29863
-2.30759
-2.31628
-2.32464
-2.33262
-2.34017
-2.34726
-2.35386
-2.35992
-2.36542
-2.37032
-2.37032
-1.74226
-1.74226
-1.73794
-1.73304
-1.72761
-1.72169
-1.71529
-1.70845
-1.70121
-1.69361
-1.6857
-1.67753
-1.66915
-1.66061
-1.65198
-1.64333
-1.63471
-1.62621
-1.6179
-1.60985
-1.60213
-1.59482
-1.588
-1.58173
-1.57608
-1.57112
-1.56689
-1.56345
-1.56083
-1.55906
-1.55818
-1.55818
-1.55906
-1.56083
-1.56344
-1.56689
-1.57112
-1.57608
-1.58173
-1.588
-1.59482
-1.60213
-1.60985
-1.6179
-1.62621
-1.63471
-1.64333
-1.65198
-1.66061
-1.66914
-1.67753
-1.6857
-1.69361
-1.70121
-1.70844
-1.71528
-1.72168
-1.72761
-1.73303
-1.73793
-1.74226
-1.74226
-1.11475
-1.11475
-1.11098
-1.10667
-1.10185
-1.09656
-1.09082
-1.08466
-1.07812
-1.07124
-1.06406
-1.05663
-1.04899
-1.04121
-1.03333
-1.02542
-1.01754
-1.00976
-1.00215
-0.994771
-0.987699
-0.981002
-0.974748
-0.969
-0.963821
-0.959268
-0.95539
-0.952233
-0.949832
-0.948215
-0.947402
-0.947402
-0.948215
-0.949831
-0.952232
-0.95539
-0.959267
-0.963821
-0.968999
-0.974747
-0.981001
-0.987698
-0.994769
-1.00215
-1.00976
-1.01754
-1.02542
-1.03333
-1.0412
-1.04899
-1.05663
-1.06406
-1.07124
-1.07812
-1.08466
-1.09082
-1.09656
-1.10185
-1.10666
-1.11098
-1.11475
-1.11475
-0.488329
-0.488329
-0.485105
-0.481367
-0.47715
-0.47248
-0.467384
-0.461891
-0.456033
-0.449848
-0.443374
-0.436655
-0.429736
-0.422668
-0.415504
-0.408302
-0.401119
-0.394019
-0.387063
-0.380318
-0.373847
-0.367715
-0.361984
-0.356716
-0.351967
-0.347791
-0.344233
-0.341335
-0.339131
-0.337647
-0.336901
-0.336901
-0.337647
-0.339131
-0.341335
-0.344232
-0.34779
-0.351967
-0.356715
-0.361983
-0.367713
-0.373845
-0.380316
-0.387061
-0.394017
-0.401117
-0.408299
-0.415502
-0.422665
-0.429733
-0.436652
-0.443371
-0.449845
-0.45603
-0.461887
-0.46738
-0.472477
-0.477147
-0.481363
-0.485102
-0.488325
-0.488325
0
0
0
0
0
0
0
0
0
0
0
0
0
0
0
0
0
0
0
0
0
0
0
0
0
0
0
0
0
0
0
0
0
0
0
0
0
0
0
0
0
0
0
0
0
0
0
0
0
0
0
0
0
0
0
0
0
0
0
0
0
0
