1.60991
1.60991
1.57456
1.5398
1.50567
1.47219
1.43941
1.40736
1.37607
1.3456
1.31597
1.28723
1.25942
1.2326
1.20681
1.1821
1.15852
1.13612
1.11496
1.09508
1.07654
1.05939
1.04368
1.02947
1.0168
1.00572
0.996281
0.988515
0.982464
0.97816
0.975628
0.975628
0.97816
0.982464
0.988515
0.996281
1.00572
1.0168
1.02947
1.04368
1.05939
1.07654
1.09508
1.11496
1.13612
1.15852
1.1821
1.20681
1.2326
1.25942
1.28723
1.31597
1.3456
1.37607
1.40736
1.43941
1.47219
1.50567
1.5398
1.57456
1.60991
1.60991
1.60991
1.60991
1.57456
1.5398
1.50567
1.47219
1.43941
1.40736
1.37607
1.3456
1.31597
1.28723
1.25942
1.2326
1.20681
1.1821
1.15852
1.13612
1.11496
1.09508
1.07654
1.05939
1.04368
1.02947
1.0168
1.00572
0.996281
0.988515
0.982464
0.97816
0.975628
0.975628
0.97816
0.982464
0.988515
0.996281
1.00572
1.0168
1.02947
1.04368
1.05939
1.07654
1.09508
1.11496
1.13612
1.15852
1.1821
1.20681
1.2326
1.25942
1.28723
1.31597
1.3456
1.37607
1.40736
1.43941
1.47219
1.50567
1.5398
1.57456
1.60991
1.60991
1.57456
1.57456
1.53862
1.50326
1.46853
1.43444
1.40104
1.36836
1.33644
1.30532
1.27505
1.24567
1.21723
1.18977
1.16335
1.13801
1.11382
1.09082
1.06908
1.04864
1.02957
1.01192
0.995744
0.981102
0.968044
0.956623
0.946888
0.938883
0.932649
0.928224
0.925628
0.925628
0.928224
0.932649
0.938883
0.946888
0.956623
0.968044
0.981102
0.995745
1.01192
1.02957
1.04864
1.06908
1.09082
1.11382
1.13801
1.16335
1.18977
1.21723
1.24567
1.27505
1.30532
1.33644
1.36836
1.40104
1.43444
1.46853
1.50326
1.53862
1.57456
1.57456
1.5398
1.5398
1.50326
1.4673
1.43195
1.39723
1.36319
1.32987
1.2973
1.26553
1.23459
1.20455
1.17544
1.14732
1.12024
1.09426
1.06942
1.0458
1.02345
1.00242
0.98279
0.964608
0.947937
0.932837
0.919366
0.90758
0.897533
0.889273
0.882846
0.878291
0.875628
0.875628
0.878291
0.882846
0.889273
0.897533
0.90758
0.919366
0.932837
0.947937
0.964608
0.98279
1.00242
1.02345
1.0458
1.06942
1.09426
1.12024
1.14732
1.17544
1.20455
1.23459
1.26553
1.2973
1.32987
1.36319
1.39723
1.43195
1.4673
1.50326
1.5398
1.5398
1.50566
1.50566
1.46852
1.43195
1.39596
1.36061
1.32592
1.29193
1.25869
1.22624
1.19463
1.1639
1.1341
1.10529
1.07752
1.05086
1.02536
1.00108
0.978082
0.95644
0.936213
0.917469
0.900271
0.884685
0.870775
0.8586
0.84822
0.839688
0.833054
0.828362
0.825628
0.825628
0.828362
0.833054
0.839688
0.84822
0.8586
0.870775
0.884685
0.900271
0.917469
0.936213
0.95644
0.978082
1.00108
1.02536
1.05086
1.07752
1.10529
1.1341
1.1639
1.19463
1.22624
1.25869
1.29193
1.32592
1.36061
1.39596
1.43195
1.46852
1.50566
1.50566
1.47219
1.47219
1.43443
1.39723
1.36061
1.3246
1.28924
1.25458
1.22065
1.18751
1.15519
1.12374
1.09323
1.06371
1.03523
1.00785
0.981646
0.956676
0.933008
0.910713
0.88986
0.870519
0.852763
0.83666
0.82228
0.80969
0.798953
0.79013
0.783274
0.778437
0.775628
0.775628
0.778437
0.783274
0.79013
0.798953
0.80969
0.82228
0.83666
0.852763
0.870519
0.88986
0.910713
0.933008
0.956676
0.981646
1.00785
1.03523
1.06371
1.09323
1.12374
1.15519
1.18751
1.22065
1.25458
1.28924
1.3246
1.36061
1.39723
1.43443
1.47219
1.47219
1.43941
1.43941
1.40103
1.36319
1.32591
1.28924
1.25321
1.21785
1.18322
1.14936
1.11631
1.08413
1.05288
1.02261
0.993386
0.965269
0.938327
0.912632
0.888254
0.865269
0.843752
0.823779
0.805427
0.788772
0.773891
0.760856
0.749738
0.740602
0.733509
0.728516
0.725628
0.725628
0.728516
0.733509
0.740602
0.749738
0.760856
0.773891
0.788772
0.805427
0.823779
0.843752
0.865269
0.888254
0.912632
0.938327
0.965269
0.993386
1.02261
1.05288
1.08413
1.11631
1.14936
1.18322
1.21785
1.25321
1.28924
1.32591
1.36319
1.40103
1.43941
1.43941
1.40735
1.40735
1.36835
1.32986
1.29193
1.25458
1.21785
1.18179
1.14643
1.11183
1.07804
1.0451
1.01309
0.982042
0.952041
0.923148
0.895435
0.868977
0.843851
0.820136
0.797914
0.777269
0.758282
0.741038
0.725619
0.712108
0.70058
0.691108
0.683759
0.678599
0.675628
0.675628
0.678599
0.683759
0.691108
0.70058
0.712108
0.725619
0.741038
0.758282
0.777269
0.797914
0.820136
0.843851
0.868977
0.895435
0.923148
0.952041
0.982042
1.01309
1.0451
1.07804
1.11183
1.14643
1.18179
1.21785
1.25458
1.29193
1.32986
1.36835
1.40735
1.40735
1.37607
1.37607
1.33643
1.29729
1.25869
1.22065
1.18322
1.14643
1.11034
1.07498
1.04042
1.0067
0.973889
0.942044
0.911234
0.881531
0.853009
0.825749
0.799833
0.775346
0.752376
0.731014
0.71135
0.693475
0.67748
0.663455
0.651485
0.641651
0.634025
0.628688
0.625628
0.625628
0.628688
0.634025
0.641651
0.651485
0.663455
0.67748
0.693475
0.71135
0.731014
0.752376
0.775346
0.799833
0.825749
0.853009
0.881531
0.911234
0.942044
0.973889
1.0067
1.04042
1.07498
1.11034
1.14643
1.18322
1.22065
1.25869
1.29729
1.33643
1.37607
1.37607
1.34559
1.34559
1.30531
1.26552
1.22624
1.1875
1.14935
1.11183
1.07498
1.03885
1.0035
0.968975
0.935342
0.902664
0.871013
0.840463
0.811094
0.78299
0.756239
0.730934
0.707169
0.685043
0.664654
0.646102
0.629487
0.614908
0.602462
0.592236
0.584311
0.578781
0.575628
0.575628
0.578781
0.584311
0.592236
0.602462
0.614908
0.629487
0.646102
0.664654
0.685043
0.707169
0.730934
0.756239
0.78299
0.811094
0.840463
0.871013
0.902664
0.935342
0.968975
1.0035
1.03885
1.07498
1.11183
1.14935
1.1875
1.22624
1.26552
1.30531
1.34559
1.34559
1.31596
1.31596
1.27504
1.23459
1.19462
1.15518
1.11631
1.07804
1.04042
1.0035
0.967333
0.931979
0.897498
0.863957
0.831431
0.799998
0.76974
0.740748
0.713116
0.686942
0.662331
0.639389
0.618223
0.598943
0.58166
0.566482
0.553519
0.542868
0.534618
0.528881
0.525628
0.525628
0.528881
0.534618
0.542868
0.553519
0.566482
0.58166
0.598943
0.618223
0.639389
0.662331
0.686942
0.713116
0.740748
0.76974
0.799998
0.831431
0.863957
0.897498
0.931979
0.967333
1.0035
1.04042
1.07804
1.11631
1.15518
1.19462
1.23459
1.27504
1.31596
1.31596
1.28722
1.28722
1.24566
1.20454
1.16389
1.12374
1.08413
1.0451
1.0067
0.968972
0.931977
0.89577
0.860416
0.825983
0.792548
0.760192
0.729004
0.699077
0.670513
0.643419
0.617906
0.59409
0.57209
0.552025
0.534019
0.518192
0.504666
0.493553
0.484948
0.478987
0.475628
0.475628
0.478987
0.484948
0.493553
0.504666
0.518192
0.534019
0.552025
0.57209
0.59409
0.617906
0.643419
0.670513
0.699077
0.729004
0.760192
0.792548
0.825983
0.860416
0.89577
0.931977
0.968972
1.0067
1.0451
1.08413
1.12374
1.16389
1.20454
1.24566
1.28722
1.28722
1.25941
1.25941
1.21721
1.17543
1.13409
1.09322
1.05287
1.01308
0.973883
0.935337
0.897494
0.860414
0.824161
0.788807
0.754429
0.721112
0.688949
0.658039
0.628491
0.600418
0.573942
0.54919
0.526292
0.50538
0.48659
0.470057
0.455917
0.444299
0.435305
0.4291
0.425628
0.425628
0.4291
0.435305
0.444299
0.455917
0.470057
0.48659
0.50538
0.526292
0.54919
0.573942
0.600418
0.628491
0.658039
0.688949
0.721112
0.754429
0.788807
0.824161
0.860414
0.897494
0.935337
0.973883
1.01308
1.05287
1.09322
1.13409
1.17543
1.21721
1.25941
1.25941
1.23259
1.23259
1.18976
1.14731
1.10528
1.0637
1.0226
0.982033
0.942036
0.902658
0.863952
0.82598
0.788805
0.7525
0.717146
0.682829
0.649647
0.617704
0.587115
0.558003
0.530499
0.504742
0.480875
0.459045
0.439403
0.422098
0.407285
0.395115
0.385691
0.37922
0.375628
0.375628
0.37922
0.385691
0.395115
0.407285
0.422098
0.439403
0.459045
0.480875
0.504742
0.530499
0.558003
0.587115
0.617704
0.649647
0.682829
0.717146
0.7525
0.788805
0.82598
0.863952
0.902658
0.942036
0.982033
1.0226
1.0637
1.10528
1.14731
1.18976
1.23259
1.23259
1.2068
1.2068
1.16333
1.12023
1.07751
1.03521
0.993374
0.95203
0.911224
0.871005
0.831424
0.792543
0.754425
0.717144
0.680781
0.645427
0.611181
0.578153
0.546465
0.516247
0.487644
0.460805
0.435892
0.413065
0.392493
0.374342
0.358789
0.346011
0.336112
0.329349
0.325628
0.325628
0.329349
0.336112
0.346011
0.358789
0.374342
0.392493
0.413065
0.435892
0.460805
0.487644
0.516247
0.546465
0.578153
0.611181
0.645427
0.680781
0.717144
0.754425
0.792543
0.831424
0.871005
0.911224
0.95203
0.993374
1.03521
1.07751
1.12023
1.16333
1.2068
1.2068
1.18209
1.18209
1.138
1.09424
1.05084
1.00784
0.965256
0.923136
0.881519
0.840453
0.799989
0.760185
0.721106
0.682825
0.645425
0.608996
0.573642
0.539477
0.506628
0.475237
0.445457
0.417455
0.391406
0.367494
0.345904
0.326822
0.310449
0.297
0.286571
0.279488
0.275628
0.275628
0.279488
0.286571
0.297
0.310449
0.326822
0.345904
0.367494
0.391406
0.417455
0.445457
0.475237
0.506628
0.539477
0.573642
0.608996
0.645425
0.682825
0.721106
0.760185
0.799989
0.840453
0.881519
0.923136
0.965256
1.00784
1.05084
1.09424
1.138
1.18209
1.18209
1.15851
1.15851
1.1138
1.06941
1.02534
0.981631
0.938313
0.895421
0.852996
0.811082
0.769729
0.728994
0.688941
0.649641
0.611176
0.57364
0.537135
0.501781
0.467711
0.435073
0.404034
0.374776
0.347495
0.322396
0.299688
0.279579
0.262292
0.2481
0.237075
0.229637
0.225628
0.225628
0.229637
0.237075
0.2481
0.262292
0.279579
0.299688
0.322396
0.347495
0.374776
0.404034
0.435073
0.467711
0.501781
0.537135
0.57364
0.611176
0.649641
0.688941
0.728994
0.769729
0.811082
0.852996
0.895421
0.938313
0.981631
1.02534
1.06941
1.1138
1.15851
1.15851
1.13611
1.13611
1.09081
1.04578
1.00106
0.956659
0.912616
0.868962
0.825735
0.782976
0.740735
0.699066
0.658029
0.617696
0.578146
0.539472
0.501779
0.465186
0.429832
0.395874
0.363488
0.332875
0.304251
0.277849
0.253909
0.232663
0.214348
0.199331
0.187632
0.179798
0.175628
0.175628
0.179798
0.187632
0.199331
0.214348
0.232663
0.253909
0.277849
0.304251
0.332875
0.363488
0.395874
0.429832
0.465186
0.501779
0.539472
0.578146
0.617696
0.658029
0.699066
0.740735
0.782976
0.825735
0.868962
0.912616
0.956659
1.00106
1.04578
1.09081
1.13611
1.13611
1.11494
1.11494
1.06906
1.02343
0.978064
0.932991
0.888237
0.843834
0.799817
0.756224
0.713101
0.6705
0.628478
0.587104
0.546455
0.506621
0.467705
0.429829
0.393133
0.357779
0.323956
0.291879
0.261789
0.233953
0.208648
0.186138
0.166657
0.150719
0.138249
0.129973
0.125628
0.125628
0.129973
0.138249
0.150719
0.166657
0.186138
0.208648
0.233953
0.261789
0.291879
0.323956
0.357779
0.393133
0.429829
0.467705
0.506621
0.546455
0.587104
0.628478
0.6705
0.713101
0.756224
0.799817
0.843834
0.888237
0.932991
0.978064
1.02343
1.06906
1.11494
1.11494
1.09506
1.09506
1.04862
1.0024
0.95642
0.910694
0.865251
0.820118
0.775328
0.730917
0.686927
0.643404
0.600404
0.55799
0.516236
0.475227
0.435065
0.395868
0.357776
0.320956
0.285602
0.251946
0.220254
0.190829
0.164002
0.140089
0.119265
0.102299
0.0889389
0.0801616
0.0756283
0.0756283
0.0801616
0.088939
0.102299
0.119265
0.140089
0.164002
0.190829
0.220254
0.251946
0.285602
0.320956
0.357776
0.395868
0.435065
0.475227
0.516236
0.55799
0.600404
0.643404
0.686927
0.730917
0.775328
0.820118
0.865251
0.910694
0.95642
1.0024
1.04862
1.09506
1.09506
1.07652
1.07652
1.02955
0.98277
0.936193
0.88984
0.843732
0.797895
0.752358
0.707151
0.662314
0.617889
0.573926
0.530484
0.48763
0.445444
0.404023
0.363479
0.323949
0.285598
0.248626
0.213273
0.179829
0.148636
0.120091
0.0946318
0.0722316
0.0541167
0.0397154
0.0303675
0.0256283
0.0256283
0.0303675
0.0397154
0.0541167
0.0722316
0.0946318
0.120091
0.148636
0.179829
0.213273
0.248626
0.285598
0.323949
0.363479
0.404023
0.445444
0.48763
0.530484
0.573926
0.617889
0.662314
0.707151
0.752358
0.797895
0.843732
0.88984
0.936193
0.98277
1.02955
1.07652
1.07652
1.05937
1.05937
1.0119
0.964586
0.917448
0.870499
0.823758
0.777249
0.730994
0.685024
0.63937
0.594072
0.549173
0.504725
0.46079
0.41744
0.374762
0.332862
0.291868
0.251938
0.213268
0.176104
0.140752
0.107585
0.0770584
0.0499301
0.0256285
0.00623557
-0.00877501
-0.019071
-0.0243011
-0.0243011
-0.019071
-0.00877501
0.00623557
0.0256285
0.0499301
0.0770584
0.107585
0.140752
0.176104
0.213268
0.251938
0.291868
0.332862
0.374762
0.41744
0.46079
0.504725
0.549173
0.594072
0.63937
0.685024
0.730994
0.777249
0.823758
0.870499
0.917448
0.964586
1.0119
1.05937
1.05937
1.04366
1.04366
0.995721
0.947914
0.900249
0.852741
0.805405
0.758261
0.711329
0.664634
0.618203
0.57207
0.526273
0.480857
0.435874
0.391389
0.347479
0.304236
0.261775
0.220242
0.179819
0.140746
0.103336
0.0679851
0.0350577
0.00623308
-0.019076
-0.0403513
-0.0561976
-0.0677242
-0.0739162
-0.0739162
-0.0677242
-0.0561976
-0.0403513
-0.019076
0.00623309
0.0350577
0.0679851
0.103336
0.140746
0.179819
0.220242
0.261775
0.304236
0.347479
0.391389
0.435874
0.480857
0.526273
0.57207
0.618203
0.664634
0.711329
0.758261
0.805405
0.852741
0.900249
0.947914
0.995721
1.04366
1.04366
1.02945
1.02945
0.981077
0.932813
0.884662
0.836636
0.788749
0.741016
0.693453
0.646081
0.598922
0.552005
0.50536
0.459026
0.413047
0.367476
0.322378
0.277832
0.233937
0.190814
0.148622
0.107572
0.0679762
0.0303582
-0.00372281
-0.0349494
-0.0614657
-0.0846509
-0.102791
-0.115959
-0.123365
-0.123365
-0.115959
-0.102791
-0.0846509
-0.0614657
-0.0349494
-0.00372281
0.0303582
0.0679762
0.107572
0.148622
0.190814
0.233937
0.277832
0.322378
0.367476
0.413047
0.459026
0.50536
0.552005
0.598922
0.646081
0.693453
0.741016
0.788749
0.836636
0.884662
0.932813
0.981077
1.02945
1.02945
1.01678
1.01678
0.968018
0.919341
0.87075
0.822255
0.773866
0.725596
0.677457
0.629464
0.581638
0.533997
0.486569
0.439382
0.392473
0.345884
0.299669
0.253891
0.20863
0.163985
0.120074
0.0770413
0.0350385
-0.00372582
-0.0390797
-0.0723095
-0.101825
-0.127535
-0.148283
-0.163566
-0.172551
-0.172551
-0.163566
-0.148283
-0.127535
-0.101825
-0.0723095
-0.0390796
-0.00372581
0.0350385
0.0770413
0.120074
0.163985
0.20863
0.253891
0.299669
0.345884
0.392473
0.439382
0.486569
0.533997
0.581638
0.629464
0.677457
0.725596
0.773866
0.822255
0.87075
0.919341
0.968018
1.01678
1.01678
1.0057
1.0057
0.956596
0.907554
0.858574
0.809664
0.76083
0.712082
0.66343
0.614884
0.566459
0.518169
0.470034
0.422075
0.37432
0.326801
0.279559
0.232643
0.186119
0.140071
0.0946153
0.0499164
0.00622457
-0.0349352
-0.072302
-0.107661
-0.139978
-0.16856
-0.192292
-0.210235
-0.221309
-0.221309
-0.210235
-0.192292
-0.16856
-0.139978
-0.107661
-0.072302
-0.0349352
0.00622457
0.0499164
0.0946153
0.140071
0.186119
0.232643
0.279559
0.326801
0.37432
0.422075
0.470034
0.518169
0.566459
0.614884
0.66343
0.712082
0.76083
0.809664
0.858574
0.907554
0.956596
1.0057
1.0057
0.996252
0.996252
0.946859
0.897505
0.848192
0.798926
0.749711
0.700553
0.651458
0.602435
0.553493
0.504641
0.455892
0.407261
0.358765
0.310426
0.26227
0.214327
0.166635
0.119244
0.0722099
0.0256054
-0.0190906
-0.0614692
-0.101824
-0.139977
-0.175333
-0.207139
-0.234283
-0.255507
-0.269354
-0.269354
-0.255507
-0.234283
-0.207139
-0.175333
-0.139977
-0.101824
-0.0614692
-0.0190906
0.0256054
0.0722099
0.119244
0.166635
0.214327
0.26227
0.310426
0.358765
0.407261
0.455892
0.504641
0.553493
0.602435
0.651458
0.700553
0.749711
0.798926
0.848192
0.897505
0.946859
0.996252
0.996252
0.988484
0.988484
0.938853
0.889243
0.839658
0.7901
0.740573
0.691079
0.641622
0.592207
0.54284
0.493525
0.444272
0.395088
0.345985
0.296976
0.248076
0.199308
0.150697
0.102279
0.0540984
0.00621939
-0.0403629
-0.0846597
-0.12754
-0.168562
-0.20714
-0.242495
-0.273505
-0.298697
-0.316193
-0.316193
-0.298697
-0.273505
-0.242495
-0.20714
-0.168562
-0.12754
-0.0846597
-0.0403629
0.00621938
0.0540984
0.102279
0.150697
0.199308
0.248076
0.296976
0.345985
0.395088
0.444272
0.493525
0.54284
0.592207
0.641622
0.691079
0.740573
0.7901
0.839658
0.889243
0.938853
0.988484
0.988484
0.982421
0.982421
0.932618
0.882814
0.833022
0.783243
0.733478
0.683727
0.633994
0.58428
0.534587
0.484918
0.435274
0.385661
0.336082
0.286542
0.237046
0.187603
0.138222
0.0889123
0.03969
-0.0088135
-0.0562293
-0.102816
-0.148302
-0.192305
-0.234291
-0.27351
-0.308863
-0.338768
-0.360985
-0.360985
-0.338768
-0.308863
-0.27351
-0.234291
-0.192305
-0.148302
-0.102816
-0.0562293
-0.00881351
0.03969
0.0889123
0.138222
0.187603
0.237046
0.286542
0.336082
0.385661
0.435274
0.484918
0.534587
0.58428
0.633994
0.683727
0.733478
0.783243
0.833022
0.882814
0.932618
0.982421
0.982421
0.977981
0.977981
0.928191
0.87826
0.82833
0.778405
0.728484
0.678567
0.628656
0.578749
0.528849
0.478955
0.429067
0.379188
0.329317
0.279455
0.229605
0.179765
0.129939
0.0801282
0.0303339
-0.0190994
-0.0677533
-0.115987
-0.163592
-0.210258
-0.255525
-0.29871
-0.338775
-0.374127
-0.402295
-0.402295
-0.374127
-0.338775
-0.29871
-0.255525
-0.210258
-0.163592
-0.115987
-0.0677533
-0.0190994
0.0303339
0.0801282
0.129939
0.179765
0.229605
0.279455
0.329317
0.379188
0.429067
0.478955
0.528849
0.578749
0.628656
0.678567
0.728484
0.778405
0.82833
0.878259
0.928191
0.977981
0.977981
0.973411
0.973411
0.925566
0.875598
0.825598
0.775598
0.725598
0.675598
0.625598
0.575598
0.525598
0.475598
0.425598
0.375598
0.325598
0.275598
0.225598
0.175598
0.125598
0.0755976
0.0255976
-0.0243367
-0.0739511
-0.123399
-0.172584
-0.22134
-0.269382
-0.316217
-0.361004
-0.402306
-0.437656
-0.437656
-0.402306
-0.361004
-0.316217
-0.269382
-0.22134
-0.172584
-0.123399
-0.0739511
-0.0243367
0.0255976
0.0755976
0.125598
0.175598
0.225598
0.275598
0.325598
0.375598
0.425598
0.475598
0.525598
0.575598
0.625598
0.675598
0.725598
0.775598
0.825598
0.875598
0.925566
0.973411
0.973411
0.958892
0.958892
0.923779
0.875595
0.825595
0.775595
0.725595
0.675595
0.625595
0.575595
0.525595
0.475595
0.425595
0.375595
0.325595
0.275595
0.225595
0.175595
0.125595
0.0755948
0.0255948
-0.0243447
-0.0739617
-0.123412
-0.1726
-0.221361
-0.269407
-0.316248
-0.361043
-0.402355
-0.437717
-0.437717
-0.402355
-0.361043
-0.316248
-0.269407
-0.221361
-0.1726
-0.123412
-0.0739617
-0.0243447
0.0255948
0.0755948
0.125595
0.175595
0.225595
0.275595
0.325595
0.375595
0.425595
0.475595
0.525595
0.575595
0.625595
0.675595
0.725595
0.775595
0.825595
0.875595
0.923778
0.958892
0.958892
0.923296
0.923296
0.910424
0.876423
0.828326
0.778401
0.72848
0.678563
0.628651
0.578745
0.528844
0.47895
0.429062
0.379183
0.329311
0.27945
0.229599
0.179759
0.129933
0.0801214
0.0303267
-0.0191314
-0.0677851
-0.11602
-0.163626
-0.210296
-0.255568
-0.298758
-0.33883
-0.37419
-0.402367
-0.402367
-0.37419
-0.33883
-0.298758
-0.255568
-0.210296
-0.163626
-0.11602
-0.0677851
-0.0191314
0.0303267
0.0801214
0.129933
0.179759
0.229599
0.27945
0.329311
0.379183
0.429062
0.47895
0.528844
0.578745
0.628651
0.678563
0.72848
0.778401
0.828326
0.876423
0.910424
0.923296
0.923296
0.874981
0.874981
0.873765
0.862761
0.830869
0.783234
0.733468
0.683718
0.633984
0.58427
0.534576
0.484905
0.435261
0.385647
0.336067
0.286525
0.237028
0.187583
0.138199
0.0888876
0.0396621
-0.00884317
-0.0562602
-0.102851
-0.148342
-0.192352
-0.234344
-0.273568
-0.308926
-0.338838
-0.361064
-0.361064
-0.338838
-0.308926
-0.273568
-0.234344
-0.192352
-0.148342
-0.102851
-0.0562602
-0.00884317
0.0396621
0.0888876
0.138199
0.187583
0.237028
0.286525
0.336067
0.385647
0.435261
0.484905
0.534576
0.58427
0.633984
0.683718
0.733468
0.783234
0.830869
0.862761
0.873765
0.874981
0.874981
0.824996
0.824996
0.82499
0.824253
0.815672
0.787086
0.74056
0.691065
0.641608
0.592192
0.542824
0.493509
0.444255
0.395071
0.345967
0.296956
0.248057
0.199288
0.150677
0.102259
0.0540804
0.00620438
-0.0403976
-0.084703
-0.127592
-0.168621
-0.207204
-0.24256
-0.273573
-0.298773
-0.316275
-0.316275
-0.298773
-0.273573
-0.24256
-0.207204
-0.168621
-0.127592
-0.084703
-0.0403976
0.00620436
0.0540804
0.102259
0.150677
0.199288
0.248057
0.296956
0.345967
0.395071
0.444255
0.493509
0.542824
0.592192
0.641608
0.691065
0.74056
0.787086
0.815672
0.824253
0.82499
0.824996
0.824996
0.774996
0.774996
0.774996
0.774995
0.77465
0.768775
0.744819
0.700536
0.651442
0.602418
0.553475
0.504623
0.455873
0.407242
0.358746
0.310407
0.26225
0.214307
0.166616
0.119224
0.0721903
0.0255853
-0.0191411
-0.0615292
-0.101891
-0.140046
-0.175401
-0.207206
-0.234354
-0.255587
-0.269438
-0.269438
-0.255587
-0.234354
-0.207206
-0.175401
-0.140046
-0.101891
-0.0615292
-0.0191411
0.0255853
0.0721903
0.119224
0.166616
0.214307
0.26225
0.310407
0.358746
0.407242
0.455873
0.504623
0.553475
0.602418
0.651442
0.700536
0.744819
0.768775
0.77465
0.774995
0.774996
0.774996
0.774996
0.724996
0.724996
0.724996
0.724996
0.724996
0.724888
0.721601
0.703532
0.663412
0.614866
0.56644
0.51815
0.470014
0.422056
0.3743
0.326781
0.279538
0.232622
0.186098
0.14005
0.0945928
0.0498924
0.00619846
-0.0350102
-0.0723795
-0.107731
-0.140045
-0.168625
-0.192366
-0.210319
-0.221395
-0.221395
-0.210319
-0.192366
-0.168625
-0.140045
-0.107731
-0.0723795
-0.0350102
0.00619846
0.0498924
0.0945928
0.140049
0.186098
0.232622
0.279538
0.326781
0.3743
0.422056
0.470014
0.51815
0.56644
0.614866
0.663412
0.703532
0.721601
0.724888
0.724996
0.724996
0.724996
0.724996
0.724996
0.674996
0.674996
0.674996
0.674996
0.674996
0.674996
0.67498
0.673693
0.662354
0.629445
0.581618
0.533977
0.486548
0.439361
0.392452
0.345863
0.299647
0.253869
0.208607
0.163961
0.120049
0.0770137
0.0350085
-0.00380366
-0.0391599
-0.0723726
-0.10189
-0.127598
-0.148362
-0.163654
-0.172637
-0.172637
-0.163654
-0.148362
-0.127598
-0.10189
-0.0723726
-0.0391599
-0.00380365
0.0350085
0.0770137
0.120049
0.163961
0.208607
0.253869
0.299647
0.345863
0.392452
0.439361
0.486548
0.533977
0.581618
0.629445
0.662354
0.673693
0.67498
0.674996
0.674996
0.674996
0.674996
0.674996
0.674996
0.624996
0.624996
0.624996
0.624996
0.624996
0.624996
0.624996
0.624996
0.624711
0.619376
0.59639
0.551984
0.505339
0.459004
0.413024
0.367452
0.322354
0.277807
0.23391
0.190785
0.148589
0.107535
0.067932
0.0303016
-0.00380553
-0.0349972
-0.061533
-0.0847133
-0.102877
-0.116049
-0.123451
-0.123451
-0.116049
-0.102877
-0.0847133
-0.061533
-0.0349972
-0.00380553
0.0303016
0.067932
0.107535
0.148589
0.190785
0.23391
0.277807
0.322354
0.367452
0.413024
0.459004
0.505339
0.551984
0.59639
0.619376
0.624711
0.624996
0.624996
0.624996
0.624996
0.624996
0.624996
0.624996
0.624996
0.574996
0.574996
0.574996
0.574996
0.574996
0.574996
0.574996
0.574997
0.574997
0.574973
0.573409
0.560908
0.52625
0.480833
0.435849
0.391363
0.347451
0.304206
0.261743
0.220207
0.179779
0.1407
0.103283
0.0679225
0.0349882
0.00618859
-0.0191556
-0.0404112
-0.056293
-0.0678156
-0.0740016
-0.0740016
-0.0678156
-0.056293
-0.0404112
-0.0191556
0.0061886
0.0349882
0.0679225
0.103283
0.1407
0.179779
0.220207
0.261743
0.304206
0.347451
0.391363
0.435849
0.480833
0.52625
0.560908
0.573409
0.574973
0.574997
0.574997
0.574996
0.574996
0.574996
0.574996
0.574996
0.574996
0.574996
0.524996
0.524996
0.524996
0.524996
0.524996
0.524996
0.524996
0.524997
0.524997
0.524997
0.524997
0.524869
0.521287
0.502385
0.460762
0.41741
0.374731
0.332828
0.291831
0.251897
0.213222
0.176053
0.140694
0.107522
0.0769953
0.049877
0.0255598
0.00618554
-0.00888241
-0.0191614
-0.0243857
-0.0243857
-0.0191614
-0.0088824
0.00618555
0.0255598
0.049877
0.0769953
0.107522
0.140694
0.176053
0.213222
0.251897
0.291831
0.332828
0.374731
0.41741
0.460762
0.502385
0.521287
0.524869
0.524997
0.524997
0.524997
0.524997
0.524996
0.524996
0.524996
0.524996
0.524996
0.524996
0.524996
0.474996
0.474996
0.474996
0.474996
0.474996
0.474996
0.474996
0.474997
0.474997
0.474997
0.474997
0.474998
0.474997
0.474681
0.469055
0.445411
0.403987
0.363441
0.323907
0.285552
0.248575
0.213217
0.179769
0.148574
0.12003
0.0945745
0.0721661
0.0540595
0.0396343
0.0302906
0.0255593
0.0255593
0.0302906
0.0396343
0.0540595
0.0721661
0.0945745
0.12003
0.148574
0.179769
0.213217
0.248575
0.285552
0.323907
0.363441
0.403987
0.445411
0.469055
0.474681
0.474997
0.474998
0.474997
0.474997
0.474997
0.474997
0.474996
0.474996
0.474996
0.474996
0.474996
0.474996
0.474996
0.424996
0.424996
0.424996
0.424996
0.424996
0.424996
0.424996
0.424997
0.424997
0.424997
0.424997
0.424998
0.424998
0.424999
0.424998
0.424697
0.4192
0.395825
0.35773
0.320906
0.285548
0.251888
0.220194
0.190768
0.163942
0.140029
0.1192
0.102237
0.0888586
0.0800853
0.0755593
0.0755593
0.0800853
0.0888586
0.102237
0.1192
0.140029
0.163942
0.190768
0.220194
0.251888
0.285548
0.320906
0.35773
0.395825
0.4192
0.424697
0.424998
0.424999
0.424998
0.424998
0.424997
0.424997
0.424997
0.424997
0.424996
0.424996
0.424996
0.424996
0.424996
0.424996
0.424996
0.374996
0.374996
0.374996
0.374996
0.374996
0.374996
0.374996
0.374997
0.374997
0.374997
0.374997
0.374998
0.374998
0.374999
0.374999
0.375
0.375001
0.374951
0.372706
0.357726
0.3239
0.29182
0.261728
0.233892
0.208588
0.186077
0.166592
0.150653
0.138169
0.129897
0.125559
0.125559
0.129897
0.138169
0.150653
0.166592
0.186077
0.208588
0.233892
0.261728
0.29182
0.3239
0.357726
0.372706
0.374951
0.375001
0.375
0.374999
0.374999
0.374998
0.374998
0.374997
0.374997
0.374997
0.374997
0.374996
0.374996
0.374996
0.374996
0.374996
0.374996
0.374996
0.324996
0.324996
0.324996
0.324996
0.324996
0.324996
0.324996
0.324997
0.324997
0.324997
0.324997
0.324998
0.324998
0.324999
0.324999
0.325
0.325001
0.325002
0.325002
0.325003
0.324908
0.321801
0.30419
0.277788
0.253848
0.2326
0.214283
0.199263
0.187553
0.179723
0.175559
0.175559
0.179723
0.187553
0.199263
0.214283
0.2326
0.253848
0.277788
0.30419
0.321801
0.324908
0.325003
0.325002
0.325002
0.325001
0.325
0.324999
0.324999
0.324998
0.324998
0.324997
0.324997
0.324997
0.324997
0.324996
0.324996
0.324996
0.324996
0.324996
0.324996
0.324996
0.274996
0.274996
0.274996
0.274996
0.274996
0.274996
0.274996
0.274997
0.274997
0.274997
0.274997
0.274998
0.274998
0.274999
0.274999
0.275
0.275001
0.275002
0.275002
0.275003
0.275004
0.275005
0.275006
0.275008
0.274991
0.27368
0.262225
0.24803
0.236997
0.229563
0.225559
0.225559
0.229563
0.236997
0.24803
0.262225
0.27368
0.274991
0.275008
0.275006
0.275005
0.275004
0.275003
0.275002
0.275002
0.275001
0.275
0.274999
0.274999
0.274998
0.274998
0.274997
0.274997
0.274997
0.274997
0.274996
0.274996
0.274996
0.274996
0.274996
0.274996
0.274996
0.224996
0.224996
0.224996
0.224996
0.224996
0.224996
0.224996
0.224997
0.224997
0.224997
0.224997
0.224998
0.224998
0.224999
0.224999
0.225
0.225001
0.225002
0.225002
0.225003
0.225004
0.225005
0.225006
0.225008
0.225009
0.22501
0.225011
0.225011
0.225012
0.225013
0.225013
0.225013
0.225013
0.225012
0.225011
0.225011
0.22501
0.225009
0.225008
0.225006
0.225005
0.225004
0.225003
0.225002
0.225002
0.225001
0.225
0.224999
0.224999
0.224998
0.224998
0.224997
0.224997
0.224997
0.224997
0.224996
0.224996
0.224996
0.224996
0.224996
0.224996
0.224996
0.174996
0.174996
0.174996
0.174996
0.174996
0.174996
0.174996
0.174997
0.174997
0.174997
0.174997
0.174998
0.174998
0.174999
0.174999
0.175
0.175001
0.175002
0.175002
0.175003
0.175004
0.175005
0.175006
0.175008
0.175009
0.17501
0.175011
0.175011
0.175012
0.175013
0.175013
0.175013
0.175013
0.175012
0.175011
0.175011
0.17501
0.175009
0.175008
0.175006
0.175005
0.175004
0.175003
0.175002
0.175002
0.175001
0.175
0.174999
0.174999
0.174998
0.174998
0.174997
0.174997
0.174997
0.174997
0.174996
0.174996
0.174996
0.174996
0.174996
0.174996
0.174996
0.124996
0.124996
0.124996
0.124996
0.124996
0.124996
0.124996
0.124997
0.124997
0.124997
0.124997
0.124998
0.124998
0.124999
0.124999
0.125
0.125001
0.125002
0.125002
0.125003
0.125004
0.125005
0.125006
0.125008
0.125009
0.12501
0.125011
0.125011
0.125012
0.125013
0.125013
0.125013
0.125013
0.125012
0.125011
0.125011
0.12501
0.125009
0.125008
0.125006
0.125005
0.125004
0.125003
0.125002
0.125002
0.125001
0.125
0.124999
0.124999
0.124998
0.124998
0.124997
0.124997
0.124997
0.124997
0.124996
0.124996
0.124996
0.124996
0.124996
0.124996
0.124996
0.0749957
0.0749957
0.0749958
0.0749959
0.0749961
0.0749962
0.0749964
0.0749966
0.0749968
0.0749971
0.0749975
0.0749978
0.0749983
0.0749988
0.0749994
0.075
0.0750007
0.0750015
0.0750024
0.0750033
0.0750043
0.0750054
0.0750065
0.0750076
0.0750087
0.0750097
0.0750106
0.0750115
0.0750121
0.0750126
0.0750128
0.0750128
0.0750126
0.0750121
0.0750115
0.0750106
0.0750097
0.0750087
0.0750076
0.0750065
0.0750054
0.0750043
0.0750033
0.0750024
0.0750015
0.0750007
0.075
0.0749994
0.0749988
0.0749983
0.0749978
0.0749975
0.0749971
0.0749968
0.0749966
0.0749964
0.0749962
0.0749961
0.0749959
0.0749958
0.0749957
0.0749957
0.0249957
0.0249957
0.0249958
0.0249959
0.0249961
0.0249962
0.0249964
0.0249966
0.0249968
0.0249971
0.0249975
0.0249978
0.0249983
0.0249988
0.0249994
0.025
0.0250007
0.0250015
0.0250024
0.0250033
0.0250043
0.0250054
0.0250065
0.0250076
0.0250087
0.0250097
0.0250106
0.0250115
0.0250121
0.0250126
0.0250128
0.0250128
0.0250126
0.0250121
0.0250115
0.0250106
0.0250097
0.0250087
0.0250076
0.0250065
0.0250054
0.0250043
0.0250033
0.0250024
0.0250015
0.0250007
0.025
0.0249994
0.0249988
0.0249983
0.0249978
0.0249975
0.0249971
0.0249968
0.0249966
0.0249964
0.0249962
0.0249961
0.0249959
0.0249958
0.0249957
0.0249957
-0.0249986
-0.0249986
-0.0249986
-0.0249986
-0.0249985
-0.0249983
-0.0249981
-0.0249979
-0.0249977
-0.0249974
-0.024997
-0.0249967
-0.0249962
-0.0249957
-0.0249952
-0.0249946
-0.0249939
-0.0249931
-0.0249923
-0.0249915
-0.0249905
-0.0249896
-0.0249886
-0.0249876
-0.0249866
-0.0249857
-0.0249849
-0.0249842
-0.0249837
-0.0249833
-0.0249831
-0.0249831
-0.0249833
-0.0249837
-0.0249842
-0.0249849
-0.0249857
-0.0249866
-0.0249876
-0.0249886
-0.0249896
-0.0249905
-0.0249915
-0.0249923
-0.0249931
-0.0249939
-0.0249946
-0.0249952
-0.0249957
-0.0249962
-0.0249967
-0.024997
-0.0249974
-0.0249977
-0.0249979
-0.0249981
-0.0249983
-0.0249985
-0.0249986
-0.0249986
-0.0249986
-0.0249986
-0.0749986
-0.0749986
-0.0749986
-0.0749986
-0.0749985
-0.0749983
-0.0749981
-0.0749979
-0.0749977
-0.0749974
-0.074997
-0.0749967
-0.0749962
-0.0749957
-0.0749952
-0.0749946
-0.0749939
-0.0749931
-0.0749923
-0.0749915
-0.0749905
-0.0749896
-0.0749886
-0.0749876
-0.0749866
-0.0749857
-0.0749849
-0.0749842
-0.0749837
-0.0749833
-0.0749831
-0.0749831
-0.0749833
-0.0749837
-0.0749842
-0.0749849
-0.0749857
-0.0749866
-0.0749876
-0.0749886
-0.0749896
-0.0749905
-0.0749915
-0.0749923
-0.0749931
-0.0749939
-0.0749946
-0.0749952
-0.0749957
-0.0749962
-0.0749967
-0.074997
-0.0749974
-0.0749977
-0.0749979
-0.0749981
-0.0749983
-0.0749985
-0.0749986
-0.0749986
-0.0749986
-0.0749986
-0.124999
-0.124999
-0.124999
-0.124999
-0.124998
-0.124998
-0.124998
-0.124998
-0.124998
-0.124997
-0.124997
-0.124997
-0.124996
-0.124996
-0.124995
-0.124995
-0.124994
-0.124993
-0.124992
-0.124991
-0.124991
-0.12499
-0.124989
-0.124988
-0.124987
-0.124986
-0.124985
-0.124984
-0.124984
-0.124983
-0.124983
-0.124983
-0.124983
-0.124984
-0.124984
-0.124985
-0.124986
-0.124987
-0.124988
-0.124989
-0.12499
-0.124991
-0.124991
-0.124992
-0.124993
-0.124994
-0.124995
-0.124995
-0.124996
-0.124996
-0.124997
-0.124997
-0.124997
-0.124998
-0.124998
-0.124998
-0.124998
-0.124998
-0.124999
-0.124999
-0.124999
-0.124999
-0.174999
-0.174999
-0.174999
-0.174999
-0.174998
-0.174998
-0.174998
-0.174998
-0.174998
-0.174997
-0.174997
-0.174997
-0.174996
-0.174996
-0.174995
-0.174995
-0.174994
-0.174993
-0.174992
-0.174991
-0.174991
-0.17499
-0.174989
-0.174988
-0.174987
-0.174986
-0.174985
-0.174984
-0.174984
-0.174983
-0.174983
-0.174983
-0.174983
-0.174984
-0.174984
-0.174985
-0.174986
-0.174987
-0.174988
-0.174989
-0.17499
-0.174991
-0.174991
-0.174992
-0.174993
-0.174994
-0.174995
-0.174995
-0.174996
-0.174996
-0.174997
-0.174997
-0.174997
-0.174998
-0.174998
-0.174998
-0.174998
-0.174998
-0.174999
-0.174999
-0.174999
-0.174999
-0.224999
-0.224999
-0.224999
-0.224999
-0.224998
-0.224998
-0.224998
-0.224998
-0.224998
-0.224997
-0.224997
-0.224997
-0.224996
-0.224996
-0.224995
-0.224995
-0.224994
-0.224993
-0.224992
-0.224991
-0.224991
-0.22499
-0.224989
-0.224988
-0.224987
-0.224986
-0.224985
-0.224984
-0.224984
-0.224983
-0.224983
-0.224983
-0.224983
-0.224984
-0.224984
-0.224985
-0.224986
-0.224987
-0.224988
-0.224989
-0.22499
-0.224991
-0.224991
-0.224992
-0.224993
-0.224994
-0.224995
-0.224995
-0.224996
-0.224996
-0.224997
-0.224997
-0.224997
-0.224998
-0.224998
-0.224998
-0.224998
-0.224998
-0.224999
-0.224999
-0.224999
-0.224999
-0.274999
-0.274999
-0.274999
-0.274999
-0.274998
-0.274998
-0.274998
-0.274998
-0.274998
-0.274997
-0.274997
-0.274997
-0.274996
-0.274996
-0.274995
-0.274995
-0.274994
-0.274993
-0.274992
-0.274991
-0.274991
-0.27499
-0.274989
-0.274988
-0.274987
-0.274986
-0.274985
-0.274984
-0.274984
-0.274983
-0.274983
-0.274983
-0.274983
-0.274984
-0.274984
-0.274985
-0.274986
-0.274987
-0.274988
-0.274989
-0.27499
-0.274991
-0.274991
-0.274992
-0.274993
-0.274994
-0.274995
-0.274995
-0.274996
-0.274996
-0.274997
-0.274997
-0.274997
-0.274998
-0.274998
-0.274998
-0.274998
-0.274998
-0.274999
-0.274999
-0.274999
-0.274999
-0.324999
-0.324999
-0.324999
-0.324999
-0.324998
-0.324998
-0.324998
-0.324998
-0.324998
-0.324997
-0.324997
-0.324997
-0.324996
-0.324996
-0.324995
-0.324995
-0.324994
-0.324993
-0.324992
-0.324991
-0.324991
-0.32499
-0.324989
-0.324988
-0.324987
-0.324986
-0.324985
-0.324984
-0.324984
-0.324983
-0.324983
-0.324983
-0.324983
-0.324984
-0.324984
-0.324985
-0.324986
-0.324987
-0.324988
-0.324989
-0.32499
-0.324991
-0.324991
-0.324992
-0.324993
-0.324994
-0.324995
-0.324995
-0.324996
-0.324996
-0.324997
-0.324997
-0.324997
-0.324998
-0.324998
-0.324998
-0.324998
-0.324998
-0.324999
-0.324999
-0.324999
-0.324999
-0.374999
-0.374999
-0.374999
-0.374999
-0.374998
-0.374998
-0.374998
-0.374998
-0.374998
-0.374997
-0.374997
-0.374997
-0.374996
-0.374996
-0.374995
-0.374995
-0.374994
-0.374993
-0.374992
-0.374991
-0.374991
-0.37499
-0.374989
-0.374988
-0.374987
-0.374986
-0.374985
-0.374984
-0.374984
-0.374983
-0.374983
-0.374983
-0.374983
-0.374984
-0.374984
-0.374985
-0.374986
-0.374987
-0.374988
-0.374989
-0.37499
-0.374991
-0.374991
-0.374992
-0.374993
-0.374994
-0.374995
-0.374995
-0.374996
-0.374996
-0.374997
-0.374997
-0.374997
-0.374998
-0.374998
-0.374998
-0.374998
-0.374998
-0.374999
-0.374999
-0.374999
-0.374999
-0.424999
-0.424999
-0.424999
-0.424999
-0.424998
-0.424998
-0.424998
-0.424998
-0.424998
-0.424997
-0.424997
-0.424997
-0.424996
-0.424996
-0.424995
-0.424995
-0.424994
-0.424993
-0.424992
-0.424991
-0.424991
-0.42499
-0.424989
-0.424988
-0.424987
-0.424986
-0.424985
-0.424984
-0.424984
-0.424983
-0.424983
-0.424983
-0.424983
-0.424984
-0.424984
-0.424985
-0.424986
-0.424987
-0.424988
-0.424989
-0.42499
-0.424991
-0.424991
-0.424992
-0.424993
-0.424994
-0.424995
-0.424995
-0.424996
-0.424996
-0.424997
-0.424997
-0.424997
-0.424998
-0.424998
-0.424998
-0.424998
-0.424998
-0.424999
-0.424999
-0.424999
-0.424999
-0.474999
-0.474999
-0.474999
-0.474999
-0.474998
-0.474998
-0.474998
-0.474998
-0.474998
-0.474997
-0.474997
-0.474997
-0.474996
-0.474996
-0.474995
-0.474995
-0.474994
-0.474993
-0.474992
-0.474991
-0.474991
-0.47499
-0.474989
-0.474988
-0.474987
-0.474986
-0.474985
-0.474984
-0.474984
-0.474983
-0.474983
-0.474983
-0.474983
-0.474984
-0.474984
-0.474985
-0.474986
-0.474987
-0.474988
-0.474989
-0.47499
-0.474991
-0.474991
-0.474992
-0.474993
-0.474994
-0.474995
-0.474995
-0.474996
-0.474996
-0.474997
-0.474997
-0.474997
-0.474998
-0.474998
-0.474998
-0.474998
-0.474998
-0.474999
-0.474999
-0.474999
-0.474999
-0.524999
-0.524999
-0.524999
-0.524999
-0.524998
-0.524998
-0.524998
-0.524998
-0.524998
-0.524997
-0.524997
-0.524997
-0.524996
-0.524996
-0.524995
-0.524995
-0.524994
-0.524993
-0.524992
-0.524991
-0.524991
-0.52499
-0.524989
-0.524988
-0.524987
-0.524986
-0.524985
-0.524984
-0.524984
-0.524983
-0.524983
-0.524983
-0.524983
-0.524984
-0.524984
-0.524985
-0.524986
-0.524987
-0.524988
-0.524989
-0.52499
-0.524991
-0.524991
-0.524992
-0.524993
-0.524994
-0.524995
-0.524995
-0.524996
-0.524996
-0.524997
-0.524997
-0.524997
-0.524998
-0.524998
-0.524998
-0.524998
-0.524998
-0.524999
-0.524999
-0.524999
-0.524999
-0.574999
-0.574999
-0.574999
-0.574999
-0.574998
-0.574998
-0.574998
-0.574998
-0.574998
-0.574997
-0.574997
-0.574997
-0.574996
-0.574996
-0.574995
-0.574995
-0.574994
-0.574993
-0.574992
-0.574991
-0.574991
-0.57499
-0.574989
-0.574988
-0.574987
-0.574986
-0.574985
-0.574984
-0.574984
-0.574983
-0.574983
-0.574983
-0.574983
-0.574984
-0.574984
-0.574985
-0.574986
-0.574987
-0.574988
-0.574989
-0.57499
-0.574991
-0.574991
-0.574992
-0.574993
-0.574994
-0.574995
-0.574995
-0.574996
-0.574996
-0.574997
-0.574997
-0.574997
-0.574998
-0.574998
-0.574998
-0.574998
-0.574998
-0.574999
-0.574999
-0.574999
-0.574999
-0.624999
-0.624999
-0.624999
-0.624999
-0.624998
-0.624998
-0.624998
-0.624998
-0.624998
-0.624997
-0.624997
-0.624997
-0.624996
-0.624996
-0.624995
-0.624995
-0.624994
-0.624993
-0.624992
-0.624991
-0.624991
-0.62499
-0.624989
-0.624988
-0.624987
-0.624986
-0.624985
-0.624984
-0.624984
-0.624983
-0.624983
-0.624983
-0.624983
-0.624984
-0.624984
-0.624985
-0.624986
-0.624987
-0.624988
-0.624989
-0.62499
-0.624991
-0.624991
-0.624992
-0.624993
-0.624994
-0.624995
-0.624995
-0.624996
-0.624996
-0.624997
-0.624997
-0.624997
-0.624998
-0.624998
-0.624998
-0.624998
-0.624998
-0.624999
-0.624999
-0.624999
-0.624999
-0.674999
-0.674999
-0.674999
-0.674999
-0.674998
-0.674998
-0.674998
-0.674998
-0.674998
-0.674997
-0.674997
-0.674997
-0.674996
-0.674996
-0.674995
-0.674995
-0.674994
-0.674993
-0.674992
-0.674991
-0.674991
-0.67499
-0.674989
-0.674988
-0.674987
-0.674986
-0.674985
-0.674984
-0.674984
-0.674983
-0.674983
-0.674983
-0.674983
-0.674984
-0.674984
-0.674985
-0.674986
-0.674987
-0.674988
-0.674989
-0.67499
-0.674991
-0.674991
-0.674992
-0.674993
-0.674994
-0.674995
-0.674995
-0.674996
-0.674996
-0.674997
-0.674997
-0.674997
-0.674998
-0.674998
-0.674998
-0.674998
-0.674998
-0.674999
-0.674999
-0.674999
-0.674999
-0.724999
-0.724999
-0.724999
-0.724999
-0.724998
-0.724998
-0.724998
-0.724998
-0.724998
-0.724997
-0.724997
-0.724997
-0.724996
-0.724996
-0.724995
-0.724995
-0.724994
-0.724993
-0.724992
-0.724991
-0.724991
-0.72499
-0.724989
-0.724988
-0.724987
-0.724986
-0.724985
-0.724984
-0.724984
-0.724983
-0.724983
-0.724983
-0.724983
-0.724984
-0.724984
-0.724985
-0.724986
-0.724987
-0.724988
-0.724989
-0.72499
-0.724991
-0.724991
-0.724992
-0.724993
-0.724994
-0.724995
-0.724995
-0.724996
-0.724996
-0.724997
-0.724997
-0.724997
-0.724998
-0.724998
-0.724998
-0.724998
-0.724998
-0.724999
-0.724999
-0.724999
-0.724999
-0.774999
-0.774999
-0.774999
-0.774999
-0.774998
-0.774998
-0.774998
-0.774998
-0.774998
-0.774997
-0.774997
-0.774997
-0.774996
-0.774996
-0.774995
-0.774995
-0.774994
-0.774993
-0.774992
-0.774991
-0.774991
-0.77499
-0.774989
-0.774988
-0.774987
-0.774986
-0.774985
-0.774984
-0.774984
-0.774983
-0.774983
-0.774983
-0.774983
-0.774984
-0.774984
-0.774985
-0.774986
-0.774987
-0.774988
-0.774989
-0.77499
-0.774991
-0.774991
-0.774992
-0.774993
-0.774994
-0.774995
-0.774995
-0.774996
-0.774996
-0.774997
-0.774997
-0.774997
-0.774998
-0.774998
-0.774998
-0.774998
-0.774998
-0.774999
-0.774999
-0.774999
-0.774999
-0.824999
-0.824999
-0.824999
-0.824999
-0.824998
-0.824998
-0.824998
-0.824998
-0.824998
-0.824997
-0.824997
-0.824997
-0.824996
-0.824996
-0.824995
-0.824995
-0.824994
-0.824993
-0.824992
-0.824991
-0.824991
-0.82499
-0.824989
-0.824988
-0.824987
-0.824986
-0.824985
-0.824984
-0.824984
-0.824983
-0.824983
-0.824983
-0.824983
-0.824984
-0.824984
-0.824985
-0.824986
-0.824987
-0.824988
-0.824989
-0.82499
-0.824991
-0.824991
-0.824992
-0.824993
-0.824994
-0.824995
-0.824995
-0.824996
-0.824996
-0.824997
-0.824997
-0.824997
-0.824998
-0.824998
-0.824998
-0.824998
-0.824998
-0.824999
-0.824999
-0.824999
-0.824999
-0.874999
-0.874999
-0.874999
-0.874999
-0.874998
-0.874998
-0.874998
-0.874998
-0.874998
-0.874997
-0.874997
-0.874997
-0.874996
-0.874996
-0.874995
-0.874995
-0.874994
-0.874993
-0.874992
-0.874991
-0.874991
-0.87499
-0.874989
-0.874988
-0.874987
-0.874986
-0.874985
-0.874984
-0.874984
-0.874983
-0.874983
-0.874983
-0.874983
-0.874984
-0.874984
-0.874985
-0.874986
-0.874987
-0.874988
-0.874989
-0.87499
-0.874991
-0.874991
-0.874992
-0.874993
-0.874994
-0.874995
-0.874995
-0.874996
-0.874996
-0.874997
-0.874997
-0.874997
-0.874998
-0.874998
-0.874998
-0.874998
-0.874998
-0.874999
-0.874999
-0.874999
-0.874999
-0.924999
-0.924999
-0.924999
-0.924999
-0.924998
-0.924998
-0.924998
-0.924998
-0.924998
-0.924997
-0.924997
-0.924997
-0.924996
-0.924996
-0.924995
-0.924995
-0.924994
-0.924993
-0.924992
-0.924991
-0.924991
-0.92499
-0.924989
-0.924988
-0.924987
-0.924986
-0.924985
-0.924984
-0.924984
-0.924983
-0.924983
-0.924983
-0.924983
-0.924984
-0.924984
-0.924985
-0.924986
-0.924987
-0.924988
-0.924989
-0.92499
-0.924991
-0.924991
-0.924992
-0.924993
-0.924994
-0.924995
-0.924995
-0.924996
-0.924996
-0.924997
-0.924997
-0.924997
-0.924998
-0.924998
-0.924998
-0.924998
-0.924998
-0.924999
-0.924999
-0.924999
-0.924999
-0.974999
-0.974999
-0.974999
-0.974999
-0.974998
-0.974998
-0.974998
-0.974998
-0.974998
-0.974997
-0.974997
-0.974997
-0.974996
-0.974996
-0.974995
-0.974995
-0.974994
-0.974993
-0.974992
-0.974991
-0.974991
-0.97499
-0.974989
-0.974988
-0.974987
-0.974986
-0.974985
-0.974984
-0.974984
-0.974983
-0.974983
-0.974983
-0.974983
-0.974984
-0.974984
-0.974985
-0.974986
-0.974987
-0.974988
-0.974989
-0.97499
-0.974991
-0.974991
-0.974992
-0.974993
-0.974994
-0.974995
-0.974995
-0.974996
-0.974996
-0.974997
-0.974997
-0.974997
-0.974998
-0.974998
-0.974998
-0.974998
-0.974998
-0.974999
-0.974999
-0.974999
-0.974999
-0.974999
-0.974999
-0.974999
-0.974999
-0.974998
-0.974998
-0.974998
-0.974998
-0.974998
-0.974997
-0.974997
-0.974997
-0.974996
-0.974996
-0.974995
-0.974995
-0.974994
-0.974993
-0.974992
-0.974991
-0.974991
-0.97499
-0.974989
-0.974988
-0.974987
-0.974986
-0.974985
-0.974984
-0.974984
-0.974983
-0.974983
-0.974983
-0.974983
-0.974984
-0.974984
-0.974985
-0.974986
-0.974987
-0.974988
-0.974989
-0.97499
-0.974991
-0.974991
-0.974992
-0.974993
-0.974994
-0.974995
-0.974995
-0.974996
-0.974996
-0.974997
-0.974997
-0.974997
-0.974998
-0.974998
-0.974998
-0.974998
-0.974998
-0.974999
-0.974999
-0.974999
-0.974999
