-3.26219e-005
-3.26219e-005
-3.83938e-005
-4.39844e-005
-4.93886e-005
-5.4586e-005
-5.95476e-005
-6.42385e-005
-6.86187e-005
-7.26432e-005
-7.62628e-005
-7.9424e-005
-8.20701e-005
-8.4142e-005
-8.55793e-005
-8.6322e-005
-8.63124e-005
-8.5497e-005
-8.38291e-005
-8.12716e-005
-7.77992e-005
-7.34019e-005
-6.80865e-005
-6.18793e-005
-5.48275e-005
-4.69995e-005
-3.8485e-005
-2.93938e-005
-1.9853e-005
-1.0004e-005
1.54908e-009
1.00071e-005
1.9856e-005
2.93968e-005
3.8488e-005
4.70023e-005
5.48303e-005
6.1882e-005
6.8089e-005
7.34043e-005
7.78016e-005
8.12738e-005
8.38313e-005
8.5499e-005
8.63144e-005
8.63239e-005
8.5581e-005
8.41436e-005
8.20716e-005
7.94254e-005
7.62641e-005
7.26444e-005
6.86197e-005
6.42394e-005
5.95484e-005
5.45867e-005
4.93893e-005
4.39849e-005
3.83943e-005
3.26222e-005
3.26222e-005
3.26222e-005
3.26219e-005
3.26219e-005
3.83938e-005
4.39844e-005
4.93886e-005
5.4586e-005
5.95476e-005
6.42385e-005
6.86187e-005
7.26432e-005
7.62628e-005
7.9424e-005
8.20701e-005
8.4142e-005
8.55793e-005
8.6322e-005
8.63124e-005
8.5497e-005
8.38291e-005
8.12716e-005
7.77992e-005
7.34019e-005
6.80865e-005
6.18793e-005
5.48275e-005
4.69995e-005
3.8485e-005
2.93938e-005
1.9853e-005
1.0004e-005
-1.54908e-009
-1.00071e-005
-1.9856e-005
-2.93968e-005
-3.8488e-005
-4.70023e-005
-5.48303e-005
-6.1882e-005
-6.8089e-005
-7.34043e-005
-7.78016e-005
-8.12738e-005
-8.38313e-005
-8.5499e-005
-8.63144e-005
-8.63239e-005
-8.5581e-005
-8.41436e-005
-8.20716e-005
-7.94254e-005
-7.62641e-005
-7.26444e-005
-6.86197e-005
-6.42394e-005
-5.95484e-005
-5.45867e-005
-4.93893e-005
-4.39849e-005
-3.83943e-005
-3.26222e-005
-3.26222e-005
-3.26222e-005
3.36125e-005
3.36125e-005
3.95555e-005
4.53545e-005
5.09776e-005
5.63955e-005
6.15758e-005
6.64816e-005
7.10709e-005
7.52969e-005
7.91079e-005
8.24481e-005
8.52579e-005
8.74747e-005
8.90346e-005
8.98737e-005
8.99299e-005
8.91456e-005
8.74699e-005
8.48615e-005
8.12919e-005
7.67479e-005
7.12348e-005
6.47783e-005
5.74263e-005
4.92502e-005
4.03439e-005
3.08232e-005
2.08232e-005
1.04944e-005
-1.58757e-009
-1.04976e-005
-2.08264e-005
-3.08263e-005
-4.03469e-005
-4.92531e-005
-5.74292e-005
-6.4781e-005
-7.12374e-005
-7.67504e-005
-8.12943e-005
-8.48638e-005
-8.74721e-005
-8.91477e-005
-8.99319e-005
-8.98755e-005
-8.90364e-005
-8.74763e-005
-8.52594e-005
-8.24496e-005
-7.91092e-005
-7.52981e-005
-7.10719e-005
-6.64825e-005
-6.15766e-005
-5.63962e-005
-5.09782e-005
-4.53551e-005
-3.95559e-005
-3.36129e-005
-3.36129e-005
-3.36129e-005
3.39178e-005
3.39178e-005
3.98891e-005
4.57273e-005
5.14022e-005
5.68833e-005
6.21375e-005
6.71272e-005
7.181e-005
7.61386e-005
8.00604e-005
8.35183e-005
8.64508e-005
8.87928e-005
9.04774e-005
9.14368e-005
9.16044e-005
9.09175e-005
8.93199e-005
8.67645e-005
8.32172e-005
7.86597e-005
7.30928e-005
6.65391e-005
5.90452e-005
5.06826e-005
4.15481e-005
3.17621e-005
2.14669e-005
1.08217e-005
-1.60358e-009
-1.08249e-005
-2.147e-005
-3.17652e-005
-4.15511e-005
-5.06856e-005
-5.90481e-005
-6.65419e-005
-7.30954e-005
-7.86622e-005
-8.32196e-005
-8.67668e-005
-8.93221e-005
-9.09197e-005
-9.16064e-005
-9.14386e-005
-9.04792e-005
-8.87945e-005
-8.64523e-005
-8.35198e-005
-8.00617e-005
-7.61398e-005
-7.1811e-005
-6.71281e-005
-6.21383e-005
-5.68841e-005
-5.14028e-005
-4.57278e-005
-3.98895e-005
-3.39182e-005
-3.39182e-005
-3.39182e-005
3.43177e-005
3.43177e-005
4.03475e-005
4.62529e-005
5.20081e-005
5.75838e-005
6.29473e-005
6.80613e-005
7.28833e-005
7.73654e-005
8.14538e-005
8.50896e-005
8.82085e-005
9.0742e-005
9.26183e-005
9.37638e-005
9.41054e-005
9.35725e-005
9.21002e-005
8.96327e-005
8.6127e-005
8.15565e-005
7.59149e-005
6.92197e-005
6.15145e-005
5.28714e-005
4.33907e-005
3.32006e-005
2.24538e-005
1.13238e-005
-1.62675e-009
-1.1327e-005
-2.2457e-005
-3.32037e-005
-4.33938e-005
-5.28743e-005
-6.15174e-005
-6.92224e-005
-7.59176e-005
-8.1559e-005
-8.61294e-005
-8.9635e-005
-9.21024e-005
-9.35746e-005
-9.41074e-005
-9.37657e-005
-9.26201e-005
-9.07436e-005
-8.821e-005
-8.5091e-005
-8.14551e-005
-7.73665e-005
-7.28844e-005
-6.80622e-005
-6.29481e-005
-5.75845e-005
-5.20087e-005
-4.62535e-005
-4.03479e-005
-3.43181e-005
-3.43181e-005
-3.43181e-005
3.48193e-005
3.48193e-005
4.09301e-005
4.69289e-005
5.27933e-005
5.84963e-005
6.40065e-005
6.92873e-005
7.42965e-005
7.89856e-005
8.32997e-005
8.71775e-005
9.05514e-005
9.33481e-005
9.54897e-005
9.68947e-005
9.74808e-005
9.71666e-005
9.58754e-005
9.35389e-005
9.01014e-005
8.55242e-005
7.97906e-005
7.29101e-005
6.49218e-005
5.58976e-005
4.59428e-005
3.51955e-005
2.3824e-005
1.20213e-005
-1.65787e-009
-1.20246e-005
-2.38273e-005
-3.51987e-005
-4.59459e-005
-5.59006e-005
-6.49247e-005
-7.29128e-005
-7.97933e-005
-8.55267e-005
-9.01038e-005
-9.35413e-005
-9.58777e-005
-9.71687e-005
-9.74828e-005
-9.68967e-005
-9.54915e-005
-9.33498e-005
-9.05529e-005
-8.71789e-005
-8.3301e-005
-7.89868e-005
-7.42976e-005
-6.92882e-005
-6.40073e-005
-5.8497e-005
-5.27939e-005
-4.69294e-005
-4.09305e-005
-3.48196e-005
-3.48196e-005
-3.48196e-005
3.54147e-005
3.54147e-005
4.16245e-005
4.77395e-005
5.37399e-005
5.96016e-005
6.52951e-005
7.0785e-005
7.60298e-005
8.09808e-005
8.55819e-005
8.97693e-005
9.34715e-005
9.66094e-005
9.90975e-005
0.000100845
0.000101756
0.000101738
0.000100696
9.85463e-005
9.52154e-005
9.06483e-005
8.48133e-005
7.77082e-005
6.93651e-005
5.98545e-005
4.92873e-005
3.78148e-005
2.56254e-005
1.29391e-005
-1.69704e-009
-1.29425e-005
-2.56287e-005
-3.7818e-005
-4.92904e-005
-5.98575e-005
-6.9368e-005
-7.7711e-005
-8.4816e-005
-9.06509e-005
-9.52179e-005
-9.85487e-005
-0.000100698
-0.00010174
-0.000101759
-0.000100847
-9.90993e-005
-9.66111e-005
-9.3473e-005
-8.97707e-005
-8.55832e-005
-8.09819e-005
-7.60308e-005
-7.07859e-005
-6.52958e-005
-5.96022e-005
-5.37404e-005
-4.77399e-005
-4.16249e-005
-3.5415e-005
-3.5415e-005
-3.5415e-005
3.60902e-005
3.60902e-005
4.2414e-005
4.86644e-005
5.48252e-005
6.08751e-005
6.67871e-005
7.25279e-005
7.80569e-005
8.33259e-005
8.82778e-005
9.28463e-005
9.69557e-005
0.000100521
0.000103446
0.00010563
0.000106963
0.000107332
0.000106625
0.000104735
0.000101566
9.70404e-005
9.11062e-005
8.37443e-005
7.49759e-005
6.4868e-005
5.35372e-005
4.1151e-005
2.79239e-005
1.41113e-005
-1.74412e-009
-1.41148e-005
-2.79273e-005
-4.11543e-005
-5.35404e-005
-6.4871e-005
-7.49788e-005
-8.37472e-005
-9.11089e-005
-9.7043e-005
-0.000101568
-0.000104737
-0.000106627
-0.000107334
-0.000106965
-0.000105632
-0.000103448
-0.000100522
-9.69573e-005
-9.28477e-005
-8.8279e-005
-8.3327e-005
-7.80579e-005
-7.25287e-005
-6.67878e-005
-6.08757e-005
-5.48258e-005
-4.86649e-005
-4.24143e-005
-3.60904e-005
-3.60904e-005
-3.60904e-005
3.68276e-005
3.68276e-005
4.32769e-005
4.9679e-005
5.60215e-005
6.22865e-005
6.84504e-005
7.44824e-005
8.03441e-005
8.59881e-005
9.1357e-005
9.63825e-005
0.000100985
0.000105071
0.000108537
0.000111266
0.000113132
0.000114002
0.000113736
0.000112202
0.000109273
0.000104841
9.88268e-005
9.11871e-005
8.19263e-005
7.11043e-005
5.88429e-005
4.5328e-005
3.08078e-005
1.55841e-005
-1.79856e-009
-1.55877e-005
-3.08113e-005
-4.53314e-005
-5.88461e-005
-7.11074e-005
-8.19293e-005
-9.119e-005
-9.88296e-005
-0.000104844
-0.000109275
-0.000112205
-0.000113739
-0.000114004
-0.000113135
-0.000111268
-0.000108539
-0.000105073
-0.000100986
-9.63839e-005
-9.13582e-005
-8.59892e-005
-8.03451e-005
-7.44833e-005
-6.84511e-005
-6.22871e-005
-5.6022e-005
-4.96794e-005
-4.32772e-005
-3.68278e-005
-3.68278e-005
-3.68278e-005
3.76043e-005
3.76043e-005
4.4187e-005
5.07533e-005
5.72952e-005
6.37991e-005
7.02455e-005
7.66073e-005
8.28491e-005
8.89254e-005
9.47796e-005
0.000100342
0.000105529
0.000110242
0.000114364
0.000117766
0.000120299
0.000121806
0.000122118
0.000121064
0.000118482
0.000114225
0.000108173
0.000100251
9.04379e-005
7.87802e-005
6.5402e-005
5.05104e-005
3.43954e-005
1.74192e-005
-1.85883e-009
-1.74229e-005
-3.4399e-005
-5.05139e-005
-6.54053e-005
-7.87834e-005
-9.0441e-005
-0.000100254
-0.000108176
-0.000114227
-0.000118485
-0.000121067
-0.00012212
-0.000121808
-0.000120302
-0.000117768
-0.000114366
-0.000110243
-0.000105531
-0.000100343
-9.47808e-005
-8.89265e-005
-8.285e-005
-7.66081e-005
-7.02462e-005
-6.37997e-005
-5.72956e-005
-5.07537e-005
-4.41873e-005
-3.76045e-005
-3.76045e-005
-3.76045e-005
3.8394e-005
3.8394e-005
4.51135e-005
5.18521e-005
5.86068e-005
6.53693e-005
7.21252e-005
7.88523e-005
8.55195e-005
9.20848e-005
9.84938e-005
0.000104677
0.000110548
0.000116002
0.000120913
0.000125133
0.000128493
0.000130805
0.000131863
0.000131455
0.000129368
0.000125402
0.000119389
0.000111206
0.000100794
8.81769e-005
7.34744e-005
5.69165e-005
3.88442e-005
1.96992e-005
-1.92148e-009
-1.9703e-005
-3.88479e-005
-5.69201e-005
-7.34778e-005
-8.81801e-005
-0.000100797
-0.000111209
-0.000119392
-0.000125405
-0.00012937
-0.000131458
-0.000131866
-0.000130807
-0.000128496
-0.000125135
-0.000120915
-0.000116004
-0.00011055
-0.000104678
-9.8495e-005
-9.20858e-005
-8.55203e-005
-7.8853e-005
-7.21258e-005
-6.53698e-005
-5.86071e-005
-5.18523e-005
-4.51137e-005
-3.83941e-005
-3.83941e-005
-3.83941e-005
3.91661e-005
3.91661e-005
4.60209e-005
5.29347e-005
5.99105e-005
6.69462e-005
7.40337e-005
8.11572e-005
8.82917e-005
9.54007e-005
0.000102434
0.000109324
0.000115985
0.000122306
0.000128152
0.00013336
0.000137736
0.000141057
0.000143076
0.000143525
0.000142131
0.000138627
0.000132776
0.00012439
0.000113356
9.96587e-005
8.34026e-005
6.48372e-005
4.4366e-005
2.25354e-005
-1.9792e-009
-2.25393e-005
-4.43697e-005
-6.48408e-005
-8.3406e-005
-9.96619e-005
-0.00011336
-0.000124393
-0.000132779
-0.00013863
-0.000142134
-0.000143528
-0.000143079
-0.00014106
-0.000137738
-0.000133362
-0.000128154
-0.000122308
-0.000115986
-0.000109325
-0.000102435
-9.54016e-005
-8.82924e-005
-8.11578e-005
-7.40341e-005
-6.69466e-005
-5.99107e-005
-5.29349e-005
-4.6021e-005
-3.91661e-005
-3.91661e-005
-3.91661e-005
3.98864e-005
3.98864e-005
4.68694e-005
5.39554e-005
6.11543e-005
6.84713e-005
7.59061e-005
8.34511e-005
9.10894e-005
9.87924e-005
0.000106517
0.000114201
0.00012176
0.000129084
0.00013603
0.000142419
0.000148033
0.000152612
0.000155858
0.000157439
0.000157003
0.000154199
0.000148697
0.000140222
0.000128583
0.000113699
9.56401e-005
7.46641e-005
5.12472e-005
2.60785e-005
-2.01674e-009
-2.60825e-005
-5.12511e-005
-7.46678e-005
-9.56436e-005
-0.000113702
-0.000128586
-0.000140226
-0.0001487
-0.000154202
-0.000157006
-0.000157442
-0.000155861
-0.000152615
-0.000148035
-0.000142421
-0.000136032
-0.000129086
-0.000121762
-0.000114202
-0.000106518
-9.87932e-005
-9.109e-005
-8.34516e-005
-7.59065e-005
-6.84715e-005
-6.11544e-005
-5.39555e-005
-4.68694e-005
-3.98863e-005
-3.98863e-005
-3.98863e-005
4.05171e-005
4.05171e-005
4.76149e-005
5.48633e-005
6.22799e-005
6.98786e-005
7.76684e-005
8.56517e-005
9.38224e-005
0.000102163
0.00011064
0.000119202
0.000127771
0.000136241
0.000144465
0.000152253
0.000159364
0.0001655
0.000170305
0.000173369
0.000174245
0.000172468
0.00016759
0.00015922
0.000147054
0.000130915
0.000110795
8.69322e-005
5.98807e-005
3.05336e-005
-2.0023e-009
-3.05376e-005
-5.98846e-005
-8.69359e-005
-0.000110799
-0.000130918
-0.000147057
-0.000159223
-0.000167594
-0.000172471
-0.000174248
-0.000173373
-0.000170308
-0.000165503
-0.000159367
-0.000152256
-0.000144467
-0.000136242
-0.000127773
-0.000119203
-0.000110641
-0.000102163
-9.38229e-005
-8.56521e-005
-7.76686e-005
-6.98787e-005
-6.22799e-005
-5.48633e-005
-4.76148e-005
-4.0517e-005
-4.0517e-005
-4.0517e-005
4.10176e-005
4.10176e-005
4.82097e-005
5.5603e-005
6.32235e-005
7.10948e-005
7.92371e-005
8.7665e-005
9.63858e-005
0.000105396
0.000114679
0.000124195
0.000133882
0.000143643
0.000153335
0.000162765
0.000171671
0.00017972
0.000186492
0.000191488
0.00019414
0.000193837
0.000189977
0.000182013
0.000169499
0.000152111
0.000129694
0.000102389
7.08103e-005
3.61777e-005
-1.86894e-009
-3.61815e-005
-7.08141e-005
-0.000102393
-0.000129698
-0.000152114
-0.000169502
-0.000182017
-0.000189981
-0.000193841
-0.000194143
-0.000191492
-0.000186495
-0.000179723
-0.000171674
-0.000162767
-0.000153337
-0.000143644
-0.000133884
-0.000124196
-0.000114679
-0.000105397
-9.63862e-005
-8.76652e-005
-7.92372e-005
-7.10948e-005
-6.32234e-005
-5.56028e-005
-4.82095e-005
-4.10173e-005
-4.10173e-005
-4.10173e-005
4.13447e-005
4.13447e-005
4.86034e-005
5.61154e-005
6.39162e-005
7.20402e-005
8.05202e-005
8.93854e-005
9.86597e-005
0.000108358
0.000118483
0.000129018
0.00013992
0.000151113
0.000162468
0.000173799
0.000184836
0.000195215
0.000204454
0.000211951
0.000216988
0.000218764
0.000216467
0.000209357
0.000196817
0.000178336
0.000153482
0.000122122
8.47943e-005
4.33693e-005
-1.47595e-009
-4.33725e-005
-8.47978e-005
-0.000122125
-0.000153486
-0.00017834
-0.000196822
-0.000209362
-0.000216472
-0.000218768
-0.000216992
-0.000211956
-0.000204458
-0.000195218
-0.000184839
-0.000173801
-0.00016247
-0.000151114
-0.000139922
-0.000129019
-0.000118483
-0.000108358
-9.86598e-005
-8.93854e-005
-8.05201e-005
-7.204e-005
-6.39159e-005
-5.61151e-005
-4.86031e-005
-4.13444e-005
-4.13444e-005
-4.13444e-005
4.14542e-005
4.14542e-005
4.87437e-005
5.63391e-005
6.42856e-005
7.26297e-005
8.1418e-005
9.06968e-005
0.000100509
0.000110893
0.000121877
0.000133473
0.000145669
0.000158419
0.000171626
0.000185126
0.00019866
0.000211849
0.000224159
0.000234876
0.000243096
0.000247763
0.000247771
0.00024213
0.000230078
0.000210933
0.000183779
0.000147822
0.000102877
5.25078e-005
-5.41055e-010
-5.25095e-005
-0.00010288
-0.000147825
-0.000183783
-0.000210938
-0.000230084
-0.000242136
-0.000247776
-0.000247768
-0.000243101
-0.00023488
-0.000224163
-0.000211853
-0.000198663
-0.000185128
-0.000171628
-0.00015842
-0.00014567
-0.000133474
-0.000121878
-0.000110894
-0.000100509
-9.06966e-005
-8.14177e-005
-7.26293e-005
-6.42853e-005
-5.63387e-005
-4.87432e-005
-4.14538e-005
-4.14538e-005
-4.14538e-005
4.13014e-005
4.13014e-005
4.8578e-005
5.62117e-005
6.42577e-005
7.27749e-005
8.18255e-005
9.14744e-005
0.000101787
0.000112829
0.00012466
0.000137328
0.000150864
0.000165268
0.000180492
0.000196419
0.000212829
0.000229362
0.000245456
0.000260296
0.000272757
0.00028142
0.000284723
0.000281316
0.000270432
0.000251539
0.000222881
0.000182511
0.000126388
6.37864e-005
1.40362e-009
-6.3785e-005
-0.00012639
-0.000182513
-0.000222885
-0.000251546
-0.00027044
-0.000281323
-0.00028473
-0.000281426
-0.000272763
-0.000260301
-0.000245461
-0.000229365
-0.000212832
-0.000196421
-0.000180493
-0.000165269
-0.000150864
-0.000137328
-0.00012466
-0.000112829
-0.000101787
-9.14739e-005
-8.1825e-005
-7.27743e-005
-6.42571e-005
-5.62111e-005
-4.85775e-005
-4.13009e-005
-4.13009e-005
-4.13009e-005
4.08434e-005
4.08434e-005
4.80553e-005
5.56719e-005
6.37585e-005
7.23867e-005
8.16349e-005
9.15879e-005
0.000102337
0.000113976
0.000126604
0.000140315
0.000155191
0.000171296
0.000188654
0.000207227
0.000226877
0.000247312
0.000268008
0.000288094
0.000306215
0.000320437
0.000328385
0.000327978
0.000318794
0.000301911
0.000273695
0.000232953
0.000156384
7.62495e-005
4.58577e-009
-7.6242e-005
-0.000156382
-0.000232955
-0.000273704
-0.000301923
-0.000318806
-0.000327988
-0.000328392
-0.000320444
-0.000306222
-0.0002881
-0.000268013
-0.000247316
-0.000226879
-0.000207229
-0.000188656
-0.000171297
-0.000155191
-0.000140315
-0.000126604
-0.000113976
-0.000102336
-9.15871e-005
-8.16341e-005
-7.2386e-005
-6.37577e-005
-5.56712e-005
-4.80546e-005
-4.08428e-005
-4.08428e-005
-4.08428e-005
4.00401e-005
4.00401e-005
4.71278e-005
5.46621e-005
6.27177e-005
7.13786e-005
8.07394e-005
9.09057e-005
0.000101995
0.000114136
0.000127467
0.000142136
0.00015829
0.000176072
0.000195603
0.000216959
0.000240139
0.000265001
0.000291169
0.000317855
0.000343572
0.000365728
0.0003804
0.000383415
0.000374856
0.000363614
0.000337036
0.000319034
0.000189918
8.47984e-005
6.00639e-009
-8.47818e-005
-0.000189897
-0.000319036
-0.000337064
-0.000363634
-0.000374873
-0.000383428
-0.000380408
-0.000365735
-0.000343579
-0.000317862
-0.000291174
-0.000265004
-0.000240141
-0.00021696
-0.000195603
-0.000176072
-0.000158289
-0.000142135
-0.000127466
-0.000114135
-0.000101994
-9.09047e-005
-8.07384e-005
-7.13777e-005
-6.27168e-005
-5.46612e-005
-4.7127e-005
-4.00393e-005
-4.00393e-005
-4.00393e-005
3.88566e-005
3.88566e-005
4.57538e-005
5.31311e-005
6.10716e-005
6.96708e-005
7.90385e-005
8.93008e-005
0.000100602
0.000113104
0.000126993
0.000142471
0.000159761
0.000179099
0.000200725
0.000224868
0.000251717
0.000281385
0.000313812
0.000348586
0.000384487
0.0004185
0.000444071
0.000450425
0.000433606
0.000440598
0.000391816
0.000499683
0.000197747
7.21091e-005
3.42435e-010
-7.21036e-005
-0.000197745
-0.000499713
-0.000391844
-0.000440603
-0.000433631
-0.000450442
-0.000444078
-0.000418508
-0.000384495
-0.000348592
-0.000313816
-0.000281387
-0.000251719
-0.000224868
-0.000200725
-0.000179098
-0.00015976
-0.000142469
-0.000126991
-0.000113103
-0.0001006
-8.92994e-005
-7.90372e-005
-6.96696e-005
-6.10705e-005
-5.31301e-005
-4.57528e-005
-3.88557e-005
-3.88557e-005
-3.88557e-005
3.72651e-005
3.72651e-005
4.38995e-005
5.10369e-005
5.87668e-005
6.71944e-005
7.64431e-005
8.66574e-005
9.80064e-005
0.000110687
0.000124928
0.000140994
0.000159185
0.000179839
0.000203332
0.000230069
0.000260479
0.000295008
0.000334109
0.000378186
0.00042729
0.00047971
0.000526952
0.000540534
0.000468879
0.000565544
0.000306232
0.00027693
0.000140868
6.21453e-005
-2.85063e-008
-6.22238e-005
-0.000140987
-0.000277012
-0.00030629
-0.000565631
-0.000468933
-0.000540548
-0.000526963
-0.000479719
-0.000427298
-0.000378191
-0.000334111
-0.000295009
-0.000260479
-0.000230068
-0.000203331
-0.000179837
-0.000159183
-0.000140992
-0.000124926
-0.000110685
-9.80046e-005
-8.66558e-005
-7.64416e-005
-6.7193e-005
-5.87655e-005
-5.10357e-005
-4.38985e-005
-3.72641e-005
-3.72641e-005
-3.72641e-005
3.52472e-005
3.52472e-005
4.15424e-005
4.83501e-005
5.57643e-005
6.3897e-005
7.28822e-005
8.28795e-005
9.40795e-005
0.000106709
0.00012104
0.000137392
0.000156144
0.000177741
0.000202695
0.000231598
0.000265122
0.000304061
0.000349428
0.000402761
0.000466776
0.000546095
0.000643351
0.000705902
0.000357424
0.000301849
9.1038e-005
-0.000254509
-2.21409e-007
3.10274e-005
-2.80732e-008
-3.10864e-005
1.70369e-007
0.000254483
-9.10881e-005
-0.000301962
-0.000357567
-0.000706056
-0.000643387
-0.000546089
-0.000466775
-0.000402761
-0.000349428
-0.00030406
-0.00026512
-0.000231595
-0.000202693
-0.000177738
-0.000156142
-0.000137389
-0.000121037
-0.000106707
-9.40774e-005
-8.28776e-005
-7.28805e-005
-6.38954e-005
-5.57628e-005
-4.83488e-005
-4.15413e-005
-3.52462e-005
-3.52462e-005
-3.52462e-005
3.27956e-005
3.27956e-005
3.86729e-005
4.50569e-005
5.20431e-005
5.97473e-005
6.83093e-005
7.7899e-005
8.87228e-005
0.000101032
0.00011513
0.00013139
0.000150261
0.000172285
0.000198111
0.000228504
0.000264352
0.000306686
0.000356784
0.000416655
0.000490959
0.000594534
0.000780064
0.000437398
0.000186335
-0.000173039
-5.74225e-006
-7.62522e-005
-2.1611e-005
1.68424e-006
-4.15282e-009
-1.67938e-006
2.1644e-005
7.62393e-005
5.69711e-006
0.00017304
-0.000186385
-0.00043742
-0.000780118
-0.000594553
-0.000490954
-0.000416652
-0.000356782
-0.000306683
-0.000264349
-0.000228501
-0.000198107
-0.000172281
-0.000150257
-0.000131387
-0.000115127
-0.000101029
-8.87203e-005
-7.78968e-005
-6.83073e-005
-5.97455e-005
-5.20416e-005
-4.50555e-005
-3.86716e-005
-3.27945e-005
-3.27945e-005
-3.27945e-005
2.99159e-005
2.99159e-005
3.52965e-005
4.11614e-005
4.76042e-005
5.47396e-005
6.27086e-005
7.16845e-005
8.18813e-005
9.35636e-005
0.00010706
0.000122777
0.000141224
0.000163027
0.000188961
0.000219957
0.000257097
0.000301548
0.000354369
0.000416119
0.00048596
0.000558772
0.000611879
2.84078e-005
0.000159154
1.26673e-005
-1.35953e-006
-2.4065e-005
-1.37173e-005
-3.63261e-006
9.108e-009
3.65232e-006
1.37358e-005
2.40902e-005
1.40558e-006
-1.26585e-005
-0.000159177
-2.85797e-005
-0.000612281
-0.000558885
-0.000485968
-0.000416124
-0.000354369
-0.000301545
-0.000257093
-0.000219952
-0.000188956
-0.000163023
-0.000141219
-0.000122773
-0.000107056
-9.35604e-005
-8.18785e-005
-7.16821e-005
-6.27064e-005
-5.47377e-005
-4.76025e-005
-4.11599e-005
-3.52952e-005
-2.99148e-005
-2.99148e-005
-2.99148e-005
2.66278e-005
2.66278e-005
3.14357e-005
3.66881e-005
4.24726e-005
4.88984e-005
5.6101e-005
6.42492e-005
7.35544e-005
8.4282e-005
9.67674e-005
0.000111436
0.00012883
0.000149641
0.00017475
0.000205266
0.000242534
0.000288042
0.000343027
0.000407533
0.000480209
0.000584584
4.77885e-005
0.000106876
9.1526e-005
3.32117e-005
8.84451e-006
-4.94283e-006
-5.60955e-006
-2.53881e-006
1.49174e-008
2.56807e-006
5.63745e-006
4.97545e-006
-8.81217e-006
-3.31813e-005
-9.14748e-005
-0.00010686
-4.77359e-005
-0.000584593
-0.000480215
-0.000407536
-0.000343027
-0.000288038
-0.000242528
-0.000205259
-0.000174744
-0.000149635
-0.000128825
-0.000111431
-9.67635e-005
-8.42786e-005
-7.35514e-005
-6.42466e-005
-5.60987e-005
-4.88964e-005
-4.24709e-005
-3.66865e-005
-3.14344e-005
-2.66266e-005
-2.66266e-005
-2.66266e-005
2.29655e-005
2.29655e-005
2.71304e-005
3.16825e-005
3.66998e-005
4.22805e-005
4.85477e-005
5.5657e-005
6.3805e-005
7.32428e-005
8.42921e-005
9.73696e-005
0.000113019
0.000131956
0.000155132
0.000183823
0.000219732
0.00026506
0.000322169
0.00039113
0.00045794
0.000468449
-0.00016042
-4.24002e-006
2.7204e-005
1.88334e-005
8.40804e-006
1.08115e-006
-1.24062e-006
-9.34788e-007
1.95557e-008
9.73817e-007
1.28027e-006
-1.03769e-006
-8.36134e-006
-1.87804e-005
-2.71443e-005
4.32504e-006
0.000160519
-0.000468789
-0.000458048
-0.000391141
-0.000322168
-0.000265054
-0.000219725
-0.000183815
-0.000155125
-0.000131949
-0.000113013
-9.73648e-005
-8.42879e-005
-7.32392e-005
-6.38019e-005
-5.56542e-005
-4.85454e-005
-4.22784e-005
-3.6698e-005
-3.16809e-005
-2.7129e-005
-2.29643e-005
-2.29643e-005
-2.29643e-005
1.89777e-005
1.89777e-005
2.24379e-005
2.62117e-005
3.03637e-005
3.49759e-005
4.01524e-005
4.60259e-005
5.2766e-005
6.0592e-005
6.97888e-005
8.07316e-005
9.39203e-005
0.000110031
0.000130001
0.000155162
0.000187514
0.0002303
0.000289476
0.000377845
0.000519996
-7.47948e-005
-5.25716e-005
-2.00899e-005
1.66271e-006
6.52663e-006
4.8799e-006
2.10948e-006
5.03002e-007
1.96549e-008
2.40401e-008
2.90968e-008
-4.51671e-007
-2.0525e-006
-4.81436e-006
-6.44748e-006
-1.56631e-006
2.0206e-005
5.26709e-005
7.49329e-005
-0.000519893
-0.000377844
-0.000289466
-0.000230289
-0.000187504
-0.000155153
-0.000129993
-0.000110024
-9.39143e-005
-8.07265e-005
-6.97844e-005
-6.05882e-005
-5.27628e-005
-4.60231e-005
-4.015e-005
-3.49738e-005
-3.03619e-005
-2.62101e-005
-2.24365e-005
-1.89765e-005
-1.89765e-005
-1.89765e-005
1.47267e-005
1.47267e-005
1.74317e-005
2.03627e-005
2.35674e-005
2.7107e-005
3.10602e-005
3.5528e-005
4.06412e-005
4.65702e-005
5.35394e-005
6.18478e-005
7.18993e-005
8.42491e-005
9.96771e-005
0.000119311
0.000144863
0.000179152
0.000227561
0.000302964
0.000441858
-0.00020898
-7.40463e-005
-2.76143e-005
-7.05124e-006
7.34108e-007
2.47937e-006
1.97809e-006
1.12544e-006
4.86721e-007
2.79721e-008
-4.29559e-007
-1.06433e-006
-1.90973e-006
-2.4003e-006
-6.40797e-007
7.1599e-006
2.77367e-005
7.41948e-005
0.000209169
-0.00044194
-0.000302989
-0.00022756
-0.000179143
-0.000144852
-0.000119301
-9.96683e-005
-8.42418e-005
-7.18931e-005
-6.18425e-005
-5.35349e-005
-4.65664e-005
-4.06379e-005
-3.55252e-005
-3.10578e-005
-2.7105e-005
-2.35656e-005
-2.03611e-005
-1.74304e-005
-1.47256e-005
-1.47256e-005
-1.47256e-005
1.02864e-005
1.02864e-005
1.21994e-005
1.42399e-005
1.64361e-005
1.88246e-005
2.14533e-005
2.43847e-005
2.77004e-005
3.1508e-005
3.59506e-005
4.12206e-005
4.75797e-005
5.53885e-005
6.51469e-005
7.75428e-005
9.34754e-005
0.000113889
0.000138735
0.000162429
0.000167551
3.00239e-005
-1.06102e-005
-9.42639e-006
-3.00118e-006
9.78851e-007
2.32574e-006
2.19944e-006
1.53495e-006
7.74233e-007
3.08038e-008
-7.11091e-007
-1.46707e-006
-2.12338e-006
-2.23806e-006
-8.76418e-007
3.12042e-006
9.56304e-006
1.07553e-005
-3.0009e-005
-0.00016767
-0.000162433
-0.000138722
-0.000113873
-9.34608e-005
-7.75309e-005
-6.51373e-005
-5.53808e-005
-4.75734e-005
-4.12153e-005
-3.59462e-005
-3.15043e-005
-2.76972e-005
-2.4382e-005
-2.14509e-005
-1.88225e-005
-1.64343e-005
-1.42384e-005
-1.21981e-005
-1.02854e-005
-1.02854e-005
-1.02854e-005
5.73967e-006
5.73967e-006
6.83953e-006
7.9615e-006
9.11231e-006
1.03018e-005
1.15437e-005
1.2857e-005
1.42676e-005
1.58107e-005
1.75343e-005
1.9504e-005
2.18101e-005
2.45777e-005
2.79782e-005
3.22365e-005
3.76046e-005
4.41934e-005
5.13217e-005
5.55882e-005
5.29029e-005
3.1901e-005
8.3901e-006
3.46483e-006
3.48306e-006
3.85252e-006
3.64403e-006
2.95894e-006
2.04095e-006
1.04464e-006
3.21503e-008
-9.78651e-007
-1.96982e-006
-2.87914e-006
-3.55219e-006
-3.74576e-006
-3.3593e-006
-3.32204e-006
-8.22146e-006
-3.16553e-005
-5.26409e-005
-5.54465e-005
-5.12534e-005
-4.41567e-005
-3.75826e-005
-3.22219e-005
-2.79677e-005
-2.45697e-005
-2.18037e-005
-1.94988e-005
-1.753e-005
-1.58071e-005
-1.42645e-005
-1.28543e-005
-1.15414e-005
-1.02998e-005
-9.11065e-006
-7.96009e-006
-6.83834e-006
-5.73869e-006
-5.73869e-006
-5.73869e-006
1.17498e-006
1.17498e-006
1.4575e-006
1.65421e-006
1.74987e-006
1.72647e-006
1.5625e-006
1.23181e-006
7.02119e-007
-6.72261e-008
-1.12838e-006
-2.54955e-006
-4.42155e-006
-6.86672e-006
-1.00495e-005
-1.41813e-005
-1.94902e-005
-2.60465e-005
-3.31042e-005
-3.71411e-005
-3.38839e-005
-1.40595e-005
8.06864e-006
1.14126e-005
9.61545e-006
7.30236e-006
5.43772e-006
3.95086e-006
2.62517e-006
1.33126e-006
3.18112e-008
-1.26589e-006
-2.55448e-006
-3.87112e-006
-5.34517e-006
-7.19331e-006
-9.48594e-006
-1.12557e-005
-7.86617e-006
1.43696e-005
3.41602e-005
3.72638e-005
3.31757e-005
2.60862e-005
1.95134e-005
1.41963e-005
1.00601e-005
6.87466e-006
4.4278e-006
2.55463e-006
1.13259e-006
7.07731e-008
-6.9911e-007
-1.22925e-006
-1.56031e-006
-1.72461e-006
-1.74829e-006
-1.65289e-006
-1.4564e-006
-1.17409e-006
-1.17409e-006
-1.17409e-006
-3.317e-006
-3.317e-006
-3.83877e-006
-4.55206e-006
-5.49357e-006
-6.70832e-006
-8.25205e-006
-1.01945e-005
-1.26239e-005
-1.56536e-005
-1.94314e-005
-2.41527e-005
-3.00807e-005
-3.75745e-005
-4.71295e-005
-5.94243e-005
-7.53405e-005
-9.57906e-005
-0.000120654
-0.000144157
-0.000150041
-1.21538e-005
2.73593e-005
2.45266e-005
1.6266e-005
1.03026e-005
6.85242e-006
4.78097e-006
3.17739e-006
1.62337e-006
2.97352e-008
-1.56224e-006
-3.11107e-006
-4.70548e-006
-6.7634e-006
-1.01952e-005
-1.61343e-005
-2.43587e-005
-2.71237e-005
1.247e-005
0.000150264
0.000144287
0.000120703
9.58173e-005
7.53581e-005
5.94369e-005
4.7139e-005
3.75819e-005
3.00866e-005
2.41575e-005
1.94354e-005
1.5657e-005
1.26267e-005
1.01969e-005
8.25413e-006
6.71008e-006
5.49505e-006
4.55329e-006
3.83977e-006
3.31779e-006
3.31779e-006
3.31779e-006
-7.64746e-006
-7.64746e-006
-8.94351e-006
-1.05302e-005
-1.24638e-005
-1.48142e-005
-1.7668e-005
-2.11339e-005
-2.53497e-005
-3.04922e-005
-3.67911e-005
-4.45497e-005
-5.41745e-005
-6.6222e-005
-8.14712e-005
-0.000101048
-0.00012666
-0.000161128
-0.000209852
-0.000285781
-0.000426368
0.000227806
9.13265e-005
4.30807e-005
2.06124e-005
1.07856e-005
6.88658e-006
5.14257e-006
3.68e-006
1.95519e-006
2.60451e-008
-1.90174e-006
-3.62208e-006
-5.07621e-006
-6.80729e-006
-1.06886e-005
-2.04956e-005
-4.295e-005
-9.12015e-005
-0.000227821
0.000426169
0.000285712
0.000209846
0.000161137
0.000126671
0.000101057
8.14791e-005
6.62285e-005
5.41799e-005
4.45541e-005
3.67949e-005
3.04954e-005
2.53524e-005
2.11362e-005
1.76699e-005
1.48159e-005
1.24652e-005
1.05313e-005
8.94441e-006
7.64814e-006
7.64814e-006
7.64814e-006
-1.17331e-005
-1.17331e-005
-1.37577e-005
-1.61613e-005
-1.90174e-005
-2.24168e-005
-2.64719e-005
-3.13236e-005
-3.71491e-005
-4.41746e-005
-5.26916e-005
-6.30806e-005
-7.58462e-005
-9.16686e-005
-0.000111486
-0.000136637
-0.000169126
-0.000212217
-0.00027195
-0.000361397
-0.000503036
9.39958e-005
7.00958e-005
3.60078e-005
1.23117e-005
5.33566e-006
4.76417e-006
5.22277e-006
4.44532e-006
2.49169e-006
2.11178e-008
-2.44874e-006
-4.39947e-006
-5.17027e-006
-4.70092e-006
-5.25486e-006
-1.22078e-005
-3.58751e-005
-6.99589e-005
-9.3827e-005
0.000503031
0.000361349
0.000271946
0.000212223
0.000169133
0.000136644
0.000111493
9.16742e-005
7.58509e-005
6.30846e-005
5.26949e-005
4.41775e-005
3.71515e-005
3.13257e-005
2.64737e-005
2.24183e-005
1.90187e-005
1.61623e-005
1.37585e-005
1.17336e-005
1.17336e-005
1.17336e-005
-1.54993e-005
-1.54993e-005
-1.81928e-005
-2.13399e-005
-2.50278e-005
-2.93636e-005
-3.44795e-005
-4.05394e-005
-4.77486e-005
-5.63656e-005
-6.67201e-005
-7.92354e-005
-9.44614e-005
-0.00011312
-0.000136169
-0.000164889
-0.000200988
-0.000246666
-0.000304244
-0.000373536
-0.000439118
-0.000453764
0.000178411
2.0775e-005
-1.26993e-005
-6.52674e-006
1.61275e-006
6.54073e-006
6.38842e-006
3.54588e-006
1.55979e-008
-3.51497e-006
-6.35723e-006
-6.50549e-006
-1.57262e-006
6.57723e-006
1.2763e-005
-2.06823e-005
-0.000178332
0.000453689
0.000439176
0.000373553
0.000304246
0.000246669
0.000200993
0.000164894
0.000136174
0.000113125
9.44653e-005
7.92388e-005
6.6723e-005
5.63682e-005
4.77507e-005
4.05413e-005
3.44811e-005
2.9365e-005
2.50289e-005
2.13408e-005
1.81935e-005
1.54997e-005
1.54997e-005
1.54997e-005
-1.8883e-005
-1.8883e-005
-2.21744e-005
-2.59778e-005
-3.03903e-005
-3.55305e-005
-4.1543e-005
-4.86061e-005
-5.69402e-005
-6.68194e-005
-7.85879e-005
-9.26794e-005
-0.000109644
-0.000130182
-0.000155182
-0.000185761
-0.000223272
-0.00026921
-0.000324824
-0.000390219
-0.000464451
-0.000570366
-3.10259e-005
-9.00684e-005
-7.63117e-005
-2.03281e-005
1.68491e-006
1.29432e-005
1.10253e-005
5.28861e-006
1.0137e-008
-5.26963e-006
-1.10094e-005
-1.29239e-005
-1.66593e-006
2.03488e-005
7.63646e-005
9.01261e-005
3.10734e-005
0.000570168
0.000464388
0.000390202
0.000324817
0.000269208
0.000223273
0.000185763
0.000155185
0.000130185
0.000109647
9.26821e-005
7.85903e-005
6.68216e-005
5.6942e-005
4.86078e-005
4.15444e-005
3.55316e-005
3.03913e-005
2.59785e-005
2.2175e-005
1.88833e-005
1.88833e-005
1.88833e-005
-2.18346e-005
-2.18346e-005
-2.56441e-005
-3.00066e-005
-3.50253e-005
-4.08249e-005
-4.7556e-005
-5.5402e-005
-6.45865e-005
-7.53841e-005
-8.81327e-005
-0.00010325
-0.000121253
-0.000142781
-0.000168615
-0.000199699
-0.000237127
-0.000282076
-0.000335623
-0.000398348
-0.000469375
-0.00054263
-0.000598496
-1.31639e-005
-0.000143449
9.30008e-007
1.25855e-005
3.25243e-005
1.94888e-005
6.57244e-006
4.19065e-009
-6.56412e-006
-1.94859e-005
-3.25189e-005
-1.25629e-005
-9.46155e-007
0.000143386
1.29072e-005
0.000598238
0.000542538
0.00046935
0.00039833
0.000335614
0.000282072
0.000237125
0.0001997
0.000168617
0.000142783
0.000121255
0.000103252
8.81346e-005
7.53858e-005
6.45881e-005
5.54033e-005
4.75572e-005
4.08258e-005
3.50261e-005
3.00072e-005
2.56445e-005
2.18348e-005
2.18348e-005
2.18348e-005
-2.43188e-005
-2.43188e-005
-2.85607e-005
-3.3379e-005
-3.88795e-005
-4.51878e-005
-5.24543e-005
-6.08593e-005
-7.06199e-005
-8.19977e-005
-9.53087e-005
-0.000110935
-0.000129338
-0.000151073
-0.000176798
-0.000207293
-0.000243459
-0.000286343
-0.000337244
-0.000398198
-0.000473913
-0.00057934
-0.000766782
-0.000424639
-0.000173371
0.000186704
1.75815e-005
8.51676e-005
2.78801e-005
1.5071e-006
-7.82079e-009
-1.51224e-006
-2.78656e-005
-8.52086e-005
-1.76663e-005
-0.000186743
0.000173293
0.000424431
0.000766568
0.000579276
0.000473894
0.000398186
0.000337235
0.000286337
0.000243456
0.000207292
0.000176798
0.000151073
0.00012934
0.000110937
9.531e-005
8.19989e-005
7.06211e-005
6.08604e-005
5.24552e-005
4.51885e-005
3.88801e-005
3.33795e-005
2.85609e-005
2.43189e-005
2.43189e-005
2.43189e-005
-2.6315e-005
-2.6315e-005
-3.09007e-005
-3.60695e-005
-4.19258e-005
-4.85924e-005
-5.62139e-005
-6.49611e-005
-7.50361e-005
-8.66779e-005
-0.000100169
-0.000115843
-0.000134092
-0.000155372
-0.000180212
-0.000209215
-0.000243071
-0.000282591
-0.000328808
-0.000383287
-0.00044878
-0.00052995
-0.000629518
-0.000694453
-0.000345513
-0.000291273
-8.24082e-005
0.000263339
6.93187e-006
-2.75875e-005
-2.8568e-008
2.75237e-005
-7.0068e-006
-0.000263399
8.23184e-005
0.000291021
0.000345316
0.000694388
0.000629453
0.00052993
0.000448761
0.000383274
0.000328799
0.000282584
0.000243067
0.000209212
0.000180211
0.000155372
0.000134093
0.000115844
0.00010017
8.66787e-005
7.50369e-005
6.49618e-005
5.62146e-005
4.8593e-005
4.19263e-005
3.60698e-005
3.09008e-005
2.6315e-005
2.6315e-005
2.6315e-005
-2.78169e-005
-2.78169e-005
-3.26575e-005
-3.80724e-005
-4.41619e-005
-5.10422e-005
-5.88478e-005
-6.77351e-005
-7.78854e-005
-8.95085e-005
-0.000102847
-0.000118177
-0.000135815
-0.000156113
-0.000179462
-0.000206282
-0.00023702
-0.000272139
-0.000312109
-0.000357359
-0.000407957
-0.000462212
-0.000511645
-0.000527777
-0.000460025
-0.000558089
-0.000295991
-0.000268978
-0.000137162
-6.06878e-005
-2.70804e-008
6.06111e-005
0.000137037
0.000268866
0.000295931
0.000558068
0.000459972
0.000527793
0.000511632
0.000462192
0.000407938
0.000357345
0.000312099
0.000272131
0.000237015
0.000206279
0.00017946
0.000156112
0.000135814
0.000118177
0.000102847
8.95089e-005
7.78858e-005
6.77356e-005
5.88482e-005
5.10425e-005
4.41622e-005
3.80726e-005
3.26575e-005
2.78168e-005
2.78168e-005
2.78168e-005
-2.88311e-005
-2.88311e-005
-3.38399e-005
-3.94007e-005
-4.56073e-005
-5.25665e-005
-6.04e-005
-6.92461e-005
-7.92618e-005
-9.06242e-005
-0.000103532
-0.000118203
-0.000134876
-0.000153802
-0.000175239
-0.000199431
-0.000226587
-0.000256834
-0.000290131
-0.000326079
-0.000363475
-0.000399307
-0.000427024
-0.000435844
-0.000421733
-0.000431014
-0.000386746
-0.00049727
-0.000195386
-7.04354e-005
-1.03308e-008
7.04212e-005
0.000195388
0.000497267
0.000386732
0.00043104
0.000421721
0.000435841
0.00042702
0.000399295
0.000363461
0.000326067
0.000290121
0.000256826
0.000226581
0.000199427
0.000175236
0.000153801
0.000134875
0.000118202
0.000103531
9.06242e-005
7.92619e-005
6.92463e-005
6.04002e-005
5.25667e-005
4.56074e-005
3.94007e-005
3.38398e-005
2.88309e-005
2.88309e-005
2.88309e-005
-2.93758e-005
-2.93758e-005
-3.44703e-005
-4.00832e-005
-4.63001e-005
-5.32167e-005
-6.09395e-005
-6.95874e-005
-7.92915e-005
-9.0195e-005
-0.000102453
-0.000116227
-0.000131683
-0.000148982
-0.000168261
-0.000189616
-0.000213063
-0.000238478
-0.0002655
-0.000293353
-0.000320559
-0.000344527
-0.000361323
-0.00036674
-0.000360773
-0.000352185
-0.000328554
-0.00031252
-0.000185445
-8.27133e-005
1.09568e-009
8.2724e-005
0.000185471
0.000312532
0.000328539
0.000352181
0.000360768
0.000366736
0.000361319
0.000344519
0.000320549
0.000293343
0.000265491
0.000238471
0.000213057
0.000189612
0.000168258
0.00014898
0.000131682
0.000116226
0.000102452
9.01947e-005
7.92913e-005
6.95874e-005
6.09395e-005
5.32166e-005
4.63001e-005
4.00831e-005
3.44701e-005
2.93755e-005
2.93755e-005
2.93755e-005
-2.94788e-005
-2.94788e-005
-3.45823e-005
-4.01617e-005
-4.62932e-005
-5.30604e-005
-6.05541e-005
-6.88726e-005
-7.81215e-005
-8.84117e-005
-9.98567e-005
-0.000112568
-0.000126649
-0.00014218
-0.000159207
-0.000177709
-0.00019757
-0.000218515
-0.000240037
-0.000261276
-0.000280884
-0.000296924
-0.000307005
-0.000309012
-0.00030246
-0.000288349
-0.000262988
-0.000224902
-0.000150972
-7.35667e-005
3.28083e-009
7.35735e-005
0.000150978
0.000224908
0.00026299
0.000288347
0.000302457
0.000309009
0.000307001
0.000296918
0.000280877
0.000261268
0.00024003
0.000218509
0.000197565
0.000177705
0.000159203
0.000142178
0.000126647
0.000112567
9.98558e-005
8.84111e-005
7.81211e-005
6.88723e-005
6.05538e-005
5.30602e-005
4.62931e-005
4.01615e-005
3.4582e-005
2.94785e-005
2.94785e-005
2.94785e-005
-2.91756e-005
-2.91756e-005
-3.42183e-005
-3.96879e-005
-4.56508e-005
-5.21777e-005
-5.93436e-005
-6.72275e-005
-7.59103e-005
-8.54734e-005
-9.59942e-005
-0.000107541
-0.000120164
-0.000133884
-0.000148676
-0.000164444
-0.000180992
-0.000197977
-0.000214858
-0.000230831
-0.000244779
-0.000255283
-0.000260764
-0.000259843
-0.000251706
-0.00023576
-0.00021018
-0.000172924
-0.000119955
-6.05618e-005
1.72011e-009
6.05646e-005
0.000119957
0.000172928
0.000210184
0.000235761
0.000251705
0.000259841
0.000260761
0.000255278
0.000244774
0.000230825
0.000214852
0.000197972
0.000180987
0.000164441
0.000148673
0.000133882
0.000120162
0.000107539
9.59932e-005
8.54726e-005
7.59097e-005
6.7227e-005
5.93433e-005
5.21774e-005
4.56505e-005
3.96876e-005
3.4218e-005
2.91752e-005
2.91752e-005
2.91752e-005
-2.85074e-005
-2.85074e-005
-3.34273e-005
-3.87209e-005
-4.44443e-005
-5.06558e-005
-5.74153e-005
-6.47832e-005
-7.28189e-005
-8.15774e-005
-9.11059e-005
-0.000101437
-0.000112581
-0.000124516
-0.000137169
-0.0001504
-0.000163977
-0.000177544
-0.000190587
-0.000202411
-0.000212121
-0.000218665
-0.000220926
-0.000217891
-0.000208761
-0.000192806
-0.000169052
-0.000136643
-9.53571e-005
-4.87276e-005
5.08102e-010
4.87284e-005
9.53578e-005
0.000136645
0.000169054
0.000192807
0.000208761
0.00021789
0.000220923
0.000218661
0.000212117
0.000202406
0.000190582
0.000177539
0.000163973
0.000150397
0.000137166
0.000124514
0.000112579
0.000101436
9.11047e-005
8.15765e-005
7.28182e-005
6.47827e-005
5.74148e-005
5.06554e-005
4.4444e-005
3.87206e-005
3.34269e-005
2.8507e-005
2.8507e-005
2.8507e-005
-2.75192e-005
-2.75192e-005
-3.22626e-005
-3.73241e-005
-4.27498e-005
-4.8586e-005
-5.48785e-005
-6.16713e-005
-6.90045e-005
-7.69116e-005
-8.54147e-005
-9.45199e-005
-0.000104209
-0.000114429
-0.000125083
-0.000136011
-0.000146973
-0.000157633
-0.000167537
-0.000176104
-0.000182632
-0.00018633
-0.000186383
-0.000182035
-0.000172642
-0.00015765
-0.000136578
-0.000109232
-7.60989e-005
-3.89911e-005
-1.22533e-010
3.89909e-005
7.6099e-005
0.000109233
0.000136579
0.000157651
0.000172642
0.000182035
0.000186382
0.000186328
0.000182629
0.000176101
0.000167533
0.00015763
0.00014697
0.000136008
0.000125081
0.000114427
0.000104207
9.45184e-005
8.54135e-005
7.69106e-005
6.90037e-005
6.16706e-005
5.48779e-005
4.85855e-005
4.27494e-005
3.73237e-005
3.22622e-005
2.75187e-005
2.75187e-005
2.75187e-005
-2.62583e-005
-2.62583e-005
-3.07799e-005
-3.55632e-005
-4.06448e-005
-4.60598e-005
-5.18414e-005
-5.80189e-005
-6.46164e-005
-7.16495e-005
-7.91217e-005
-8.70191e-005
-9.53046e-005
-0.000103909
-0.000112724
-0.000121587
-0.000130272
-0.00013848
-0.000145824
-0.000151837
-0.000155973
-0.000157641
-0.000156242
-0.000151225
-0.000142121
-0.000128573
-0.000110375
-8.76073e-005
-6.08132e-005
-3.11366e-005
-4.25503e-010
3.11358e-005
6.08127e-005
8.76074e-005
0.000110376
0.000128573
0.000142122
0.000151225
0.000156241
0.000157639
0.000155971
0.000151834
0.000145821
0.000138477
0.00013027
0.000121584
0.000112722
0.000103908
9.53029e-005
8.70177e-005
7.91205e-005
7.16485e-005
6.46156e-005
5.80182e-005
5.18408e-005
4.60593e-005
4.06443e-005
3.55627e-005
3.07794e-005
2.62578e-005
2.62578e-005
2.62578e-005
-2.47732e-005
-2.47732e-005
-2.90356e-005
-3.35042e-005
-3.82066e-005
-4.31676e-005
-4.84087e-005
-5.39471e-005
-5.97934e-005
-6.59492e-005
-7.24041e-005
-7.91311e-005
-8.60819e-005
-9.31809e-005
-0.000100318
-0.000107342
-0.000114051
-0.00012019
-0.000125445
-0.000129448
-0.000131784
-0.000132019
-0.000129722
-0.000124502
-0.000116047
-0.000104146
-8.87432e-005
-7.00076e-005
-4.8409e-005
-2.47411e-005
-5.80299e-010
2.474e-005
4.84082e-005
7.00072e-005
8.87431e-005
0.000104146
0.000116047
0.000124502
0.000129721
0.000132018
0.000131783
0.000129446
0.000125443
0.000120188
0.000114049
0.00010734
0.000100316
9.31792e-005
8.60804e-005
7.91298e-005
7.24029e-005
6.59482e-005
5.97925e-005
5.39464e-005
4.84081e-005
4.3167e-005
3.82061e-005
3.35038e-005
2.90352e-005
2.47728e-005
2.47728e-005
2.47728e-005
-2.31339e-005
-2.31339e-005
-2.71122e-005
-3.12445e-005
-3.55488e-005
-4.00403e-005
-4.47303e-005
-4.96254e-005
-5.47255e-005
-6.00214e-005
-6.54929e-005
-7.11048e-005
-7.68038e-005
-8.25139e-005
-8.81321e-005
-9.35236e-005
-9.85184e-005
-0.000102908
-0.000106447
-0.000108854
-0.000109829
-0.000109059
-0.000106248
-0.000101135
-9.35266e-005
-8.33168e-005
-7.05254e-005
-5.53342e-005
-3.81176e-005
-1.94401e-005
-7.55462e-010
1.94387e-005
3.81165e-005
5.53334e-005
7.0525e-005
8.33165e-005
9.35263e-005
0.000101135
0.000106247
0.000109058
0.000109828
0.000108853
0.000106445
0.000102906
9.85168e-005
9.35221e-005
8.81306e-005
8.25125e-005
7.68025e-005
7.11037e-005
6.54919e-005
6.00205e-005
5.47246e-005
4.96247e-005
4.47297e-005
4.00397e-005
3.55483e-005
3.1244e-005
2.71117e-005
2.31335e-005
2.31335e-005
2.31335e-005
-2.31177e-005
-2.31177e-005
-2.70999e-005
-3.11992e-005
-3.54225e-005
-3.97766e-005
-4.42647e-005
-4.88848e-005
-5.36274e-005
-5.84744e-005
-6.33967e-005
-6.83516e-005
-7.32806e-005
-7.8106e-005
-8.27285e-005
-8.70245e-005
-9.08446e-005
-9.40132e-005
-9.63309e-005
-9.7579e-005
-9.75289e-005
-9.59544e-005
-9.26476e-005
-8.74375e-005
-8.02095e-005
-7.09256e-005
-5.96461e-005
-4.65492e-005
-3.19422e-005
-1.62537e-005
-1.49924e-009
1.62508e-005
3.19397e-005
4.65471e-005
5.96445e-005
7.09245e-005
8.02088e-005
8.74371e-005
9.26473e-005
9.59541e-005
9.75285e-005
9.75785e-005
9.63302e-005
9.40125e-005
9.08438e-005
8.70237e-005
8.27276e-005
7.81051e-005
7.32797e-005
6.83508e-005
6.33959e-005
5.84737e-005
5.36267e-005
4.88842e-005
4.42642e-005
3.9776e-005
3.5422e-005
3.11988e-005
2.70995e-005
2.31173e-005
2.31173e-005
2.31173e-005
-3.49406e-005
-3.49406e-005
-4.09578e-005
-4.70848e-005
-5.33349e-005
-5.97124e-005
-6.62135e-005
-7.28249e-005
-7.95229e-005
-8.62702e-005
-9.30141e-005
-9.96836e-005
-0.000106187
-0.000112408
-0.000118204
-0.000123407
-0.000127819
-0.000131215
-0.000133351
-0.000133967
-0.0001328
-0.000129603
-0.000124157
-0.000116298
-0.000105936
-9.30742e-005
-7.78336e-005
-6.04645e-005
-4.13508e-005
-2.09979e-005
-1.49294e-009
2.0995e-005
4.13481e-005
6.0462e-005
7.78314e-005
9.30722e-005
0.000105934
0.000116297
0.000124155
0.000129601
0.000132798
0.000133965
0.000133349
0.000131213
0.000127817
0.000123406
0.000118203
0.000112406
0.000106185
9.96825e-005
9.30131e-005
8.62693e-005
7.95222e-005
7.28244e-005
6.6213e-005
5.97121e-005
5.33347e-005
4.70846e-005
4.09577e-005
3.49404e-005
3.49404e-005
3.49404e-005
-3.77016e-005
-3.77016e-005
-4.42061e-005
-5.07913e-005
-5.74635e-005
-6.42211e-005
-7.10534e-005
-7.79397e-005
-8.48478e-005
-9.17315e-005
-9.85291e-005
-0.000105161
-0.000111527
-0.000117505
-0.000122951
-0.000127694
-0.000131544
-0.000134289
-0.000135703
-0.000135552
-0.00013361
-0.000129666
-0.000123548
-0.000115132
-0.000104371
-9.13004e-005
-7.60618e-005
-5.89057e-005
-4.01927e-005
-2.03808e-005
-2.73648e-010
2.03802e-005
4.01921e-005
5.8905e-005
7.6061e-005
9.12994e-005
0.000104369
0.000115131
0.000123546
0.000129664
0.000133607
0.00013555
0.0001357
0.000134287
0.000131542
0.000127692
0.000122948
0.000117503
0.000111525
0.000105159
9.85275e-005
9.17301e-005
8.48465e-005
7.79387e-005
7.10525e-005
6.42204e-005
5.74629e-005
5.07908e-005
4.42057e-005
3.77013e-005
3.77013e-005
3.77013e-005
-3.56996e-005
-3.56996e-005
-4.18673e-005
-4.80813e-005
-5.43407e-005
-6.06382e-005
-6.69584e-005
-7.32769e-005
-7.95586e-005
-8.57558e-005
-9.18075e-005
-9.76368e-005
-0.00010315
-0.000108237
-0.000112767
-0.000116593
-0.000119552
-0.000121467
-0.000122154
-0.000121429
-0.000119116
-0.000115059
-0.000109134
-0.000101265
-9.14358e-005
-7.97002e-005
-6.61934e-005
-5.11349e-005
-3.48261e-005
-1.76395e-005
4.80876e-011
1.76395e-005
3.48261e-005
5.11348e-005
6.61931e-005
7.96997e-005
9.1435e-005
0.000101264
0.000109132
0.000115057
0.000119114
0.000121427
0.000122152
0.000121464
0.000119549
0.00011659
0.000112764
0.000108234
0.000103148
9.76348e-005
9.18057e-005
8.57542e-005
7.95571e-005
7.32757e-005
6.69573e-005
6.06372e-005
5.43399e-005
4.80806e-005
4.18667e-005
3.56992e-005
3.56992e-005
3.56992e-005
-3.35953e-005
-3.35953e-005
-3.94089e-005
-4.52375e-005
-5.10757e-005
-5.69125e-005
-6.27292e-005
-6.84991e-005
-7.41856e-005
-7.97416e-005
-8.51079e-005
-9.02126e-005
-9.49697e-005
-9.92794e-005
-0.000103028
-0.000106088
-0.000108322
-0.000109584
-0.000109726
-0.000108601
-0.000106076
-0.000102035
-9.63928e-005
-8.91051e-005
-8.01763e-005
-6.96687e-005
-5.77076e-005
-4.44834e-005
-3.02479e-005
-1.53058e-005
-9.19177e-011
1.53056e-005
3.02477e-005
4.44831e-005
5.77071e-005
6.9668e-005
8.01755e-005
8.91041e-005
9.63915e-005
0.000102033
0.000106074
0.000108599
0.000109724
0.000109582
0.00010832
0.000106086
0.000103026
9.92774e-005
9.49678e-005
9.02108e-005
8.51063e-005
7.97401e-005
7.41843e-005
6.84979e-005
6.27282e-005
5.69116e-005
5.1075e-005
4.52368e-005
3.94084e-005
3.35948e-005
3.35948e-005
3.35948e-005
-3.14753e-005
-3.14753e-005
-3.69351e-005
-4.23831e-005
-4.78113e-005
-5.32057e-005
-5.85456e-005
-6.38031e-005
-6.89416e-005
-7.39153e-005
-7.86682e-005
-8.31338e-005
-8.72343e-005
-9.0881e-005
-9.39747e-005
-9.64068e-005
-9.80617e-005
-9.88196e-005
-9.85609e-005
-9.71713e-005
-9.45484e-005
-9.06085e-005
-8.52945e-005
-7.85834e-005
-7.04932e-005
-6.10883e-005
-5.04829e-005
-3.88416e-005
-2.63754e-005
-1.33351e-005
-1.9202e-010
1.33347e-005
2.6375e-005
3.88411e-005
5.04824e-005
6.10876e-005
7.04923e-005
7.85824e-005
8.52933e-005
9.06071e-005
9.45468e-005
9.71696e-005
9.85591e-005
9.88177e-005
9.80598e-005
9.64049e-005
9.39728e-005
9.08792e-005
8.72326e-005
8.31322e-005
7.86667e-005
7.39139e-005
6.89404e-005
6.3802e-005
5.85447e-005
5.32048e-005
4.78106e-005
4.23825e-005
3.69346e-005
3.1475e-005
3.1475e-005
3.1475e-005
-2.93639e-005
-2.93639e-005
-3.44729e-005
-3.95487e-005
-4.45807e-005
-4.95533e-005
-5.44446e-005
-5.92262e-005
-6.38624e-005
-6.83097e-005
-7.25158e-005
-7.642e-005
-7.99527e-005
-8.30357e-005
-8.55831e-005
-8.75028e-005
-8.86983e-005
-8.90715e-005
-8.85266e-005
-8.69745e-005
-8.43378e-005
-8.05563e-005
-7.55932e-005
-6.94407e-005
-6.21245e-005
-5.37081e-005
-4.42942e-005
-3.40245e-005
-2.30769e-005
-1.1659e-005
-2.58598e-010
1.16584e-005
2.30763e-005
3.40239e-005
4.42935e-005
5.37074e-005
6.21237e-005
6.94398e-005
7.55921e-005
8.0555e-005
8.43364e-005
8.69731e-005
8.85251e-005
8.90698e-005
8.86966e-005
8.75012e-005
8.55815e-005
8.30341e-005
7.99512e-005
7.64186e-005
7.25145e-005
6.83084e-005
6.38613e-005
5.92252e-005
5.44437e-005
4.95525e-005
4.45801e-005
3.95481e-005
3.44724e-005
2.93636e-005
2.93636e-005
2.93636e-005
-2.72798e-005
-2.72798e-005
-3.20439e-005
-3.6758e-005
-4.14097e-005
-4.59822e-005
-5.04532e-005
-5.47946e-005
-5.89723e-005
-6.29452e-005
-6.66654e-005
-7.00779e-005
-7.31209e-005
-7.5726e-005
-7.78194e-005
-7.93232e-005
-8.01571e-005
-8.02414e-005
-7.94996e-005
-7.78625e-005
-7.52719e-005
-7.16856e-005
-6.70814e-005
-6.14616e-005
-5.48561e-005
-4.73254e-005
-3.8961e-005
-2.98853e-005
-2.02485e-005
-1.02235e-005
-3.00971e-010
1.02229e-005
2.02478e-005
2.98847e-005
3.89603e-005
4.73246e-005
5.48553e-005
6.14607e-005
6.70804e-005
7.16845e-005
7.52707e-005
7.78612e-005
7.94983e-005
8.024e-005
8.01557e-005
7.93217e-005
7.78179e-005
7.57246e-005
7.31195e-005
7.00766e-005
6.66642e-005
6.29441e-005
5.89713e-005
5.47937e-005
5.04523e-005
4.59815e-005
4.14091e-005
3.67574e-005
3.20435e-005
2.72795e-005
2.72795e-005
2.72795e-005
-2.52376e-005
-2.52376e-005
-2.96649e-005
-3.40296e-005
-3.8318e-005
-4.25126e-005
-4.65913e-005
-5.05269e-005
-5.42869e-005
-5.78334e-005
-6.11227e-005
-6.41054e-005
-6.6727e-005
-6.8928e-005
-7.06453e-005
-7.18134e-005
-7.23657e-005
-7.22375e-005
-7.13681e-005
-6.97038e-005
-6.72017e-005
-6.38328e-005
-5.95853e-005
-5.44681e-005
-4.85129e-005
-4.17761e-005
-3.43391e-005
-2.63073e-005
-1.78081e-005
-8.98643e-006
-3.2569e-010
8.98578e-006
1.78074e-005
2.63066e-005
3.43384e-005
4.17754e-005
4.85121e-005
5.44672e-005
5.95843e-005
6.38318e-005
6.72006e-005
6.97026e-005
7.13668e-005
7.22363e-005
7.23644e-005
7.18121e-005
7.0644e-005
6.89267e-005
6.67257e-005
6.41043e-005
6.11216e-005
5.78324e-005
5.4286e-005
5.0526e-005
4.65906e-005
4.2512e-005
3.83174e-005
3.40291e-005
2.96646e-005
2.52373e-005
2.52373e-005
2.52373e-005
-2.32483e-005
-2.32483e-005
-2.73487e-005
-3.13774e-005
-3.53201e-005
-3.9159e-005
-4.28726e-005
-4.64347e-005
-4.98152e-005
-5.2979e-005
-5.58866e-005
-5.84941e-005
-6.07536e-005
-6.26137e-005
-6.40206e-005
-6.49192e-005
-6.52548e-005
-6.49749e-005
-6.40313e-005
-6.2383e-005
-5.99984e-005
-5.68585e-005
-5.29588e-005
-4.83125e-005
-4.29513e-005
-3.69271e-005
-3.03118e-005
-2.31967e-005
-1.569e-005
-7.91379e-006
-3.37416e-010
7.91311e-006
1.56893e-005
2.3196e-005
3.03111e-005
3.69263e-005
4.29505e-005
4.83116e-005
5.2958e-005
5.68575e-005
5.99974e-005
6.23819e-005
6.40302e-005
6.49738e-005
6.52537e-005
6.49181e-005
6.40195e-005
6.26126e-005
6.07525e-005
5.84931e-005
5.58856e-005
5.29781e-005
4.98143e-005
4.6434e-005
4.28719e-005
3.91584e-005
3.53196e-005
3.1377e-005
2.73484e-005
2.3248e-005
2.3248e-005
2.3248e-005
-2.13198e-005
-2.13198e-005
-2.51043e-005
-2.88112e-005
-3.24259e-005
-3.59309e-005
-3.93052e-005
-4.25243e-005
-4.55601e-005
-4.83807e-005
-5.09506e-005
-5.32309e-005
-5.51796e-005
-5.67527e-005
-5.79042e-005
-5.85882e-005
-5.87596e-005
-5.83759e-005
-5.73993e-005
-5.57984e-005
-5.35505e-005
-5.06438e-005
-4.70791e-005
-4.28717e-005
-3.80526e-005
-3.2669e-005
-2.67844e-005
-2.04777e-005
-1.38413e-005
-6.9784e-006
-3.39516e-010
6.97772e-006
1.38406e-005
2.0477e-005
2.67837e-005
3.26683e-005
3.80518e-005
4.28709e-005
4.70783e-005
5.06429e-005
5.35496e-005
5.57974e-005
5.73983e-005
5.83749e-005
5.87586e-005
5.85872e-005
5.79032e-005
5.67517e-005
5.51787e-005
5.323e-005
5.09497e-005
4.83799e-005
4.55594e-005
4.25236e-005
3.93046e-005
3.59304e-005
3.24254e-005
2.88108e-005
2.5104e-005
2.13196e-005
2.13196e-005
2.13196e-005
-1.94571e-005
-1.94571e-005
-2.29374e-005
-2.63371e-005
-2.96415e-005
-3.28334e-005
-3.5893e-005
-3.87972e-005
-4.15203e-005
-4.40332e-005
-4.63043e-005
-4.82992e-005
-4.99815e-005
-5.13131e-005
-5.22554e-005
-5.27698e-005
-5.28194e-005
-5.23699e-005
-5.13916e-005
-4.98608e-005
-4.77615e-005
-4.50871e-005
-4.1842e-005
-3.80426e-005
-3.37183e-005
-2.89119e-005
-2.36792e-005
-1.80885e-005
-1.22189e-005
-6.15819e-006
-3.3446e-010
6.15752e-006
1.22182e-005
1.80878e-005
2.36785e-005
2.89112e-005
3.37176e-005
3.80419e-005
4.18413e-005
4.50863e-005
4.77607e-005
4.98599e-005
5.13907e-005
5.2369e-005
5.28185e-005
5.27689e-005
5.22545e-005
5.13122e-005
4.99806e-005
4.82984e-005
4.63035e-005
4.40325e-005
4.15196e-005
3.87966e-005
3.58924e-005
3.2833e-005
2.96411e-005
2.63368e-005
2.29372e-005
1.94569e-005
1.94569e-005
1.94569e-005
-1.76628e-005
-1.76628e-005
-2.08513e-005
-2.39584e-005
-2.69696e-005
-2.98684e-005
-3.26361e-005
-3.52514e-005
-3.76905e-005
-3.99275e-005
-4.19341e-005
-4.36801e-005
-4.51339e-005
-4.6263e-005
-4.70344e-005
-4.74163e-005
-4.73782e-005
-4.68926e-005
-4.59364e-005
-4.44916e-005
-4.25475e-005
-4.01012e-005
-3.71593e-005
-3.37384e-005
-2.98662e-005
-2.55809e-005
-2.09319e-005
-1.59782e-005
-1.07877e-005
-5.43512e-006
-3.24083e-010
5.43447e-006
1.0787e-005
1.59775e-005
2.09312e-005
2.55803e-005
2.98655e-005
3.37377e-005
3.71586e-005
4.01005e-005
4.25467e-005
4.44909e-005
4.59356e-005
4.68918e-005
4.73774e-005
4.74155e-005
4.70337e-005
4.62622e-005
4.51332e-005
4.36794e-005
4.19334e-005
3.99269e-005
3.76899e-005
3.52508e-005
3.26356e-005
2.9868e-005
2.69692e-005
2.39581e-005
2.08511e-005
1.76627e-005
1.76627e-005
1.76627e-005
-1.59377e-005
-1.59377e-005
-1.88467e-005
-2.16754e-005
-2.441e-005
-2.70346e-005
-2.95317e-005
-3.18816e-005
-3.4063e-005
-3.60523e-005
-3.78245e-005
-3.93533e-005
-4.06112e-005
-4.15704e-005
-4.22031e-005
-4.24828e-005
-4.23845e-005
-4.18861e-005
-4.09697e-005
-3.96219e-005
-3.78356e-005
-3.56109e-005
-3.29554e-005
-2.98857e-005
-2.6427e-005
-2.26138e-005
-1.84892e-005
-1.41047e-005
-9.51838e-006
-4.7943e-006
-3.09769e-010
4.79368e-006
9.51776e-006
1.41041e-005
1.84886e-005
2.26131e-005
2.64263e-005
2.9885e-005
3.29548e-005
3.56102e-005
3.7835e-005
3.96212e-005
4.0969e-005
4.18854e-005
4.23838e-005
4.24821e-005
4.22024e-005
4.15697e-005
4.06105e-005
3.93527e-005
3.78239e-005
3.60517e-005
3.40624e-005
3.18812e-005
2.95313e-005
2.70342e-005
2.44097e-005
2.16752e-005
1.88465e-005
1.59376e-005
1.59376e-005
1.59376e-005
-1.42805e-005
-1.42805e-005
-1.69223e-005
-1.94867e-005
-2.19603e-005
-2.43283e-005
-2.65744e-005
-2.86806e-005
-3.06274e-005
-3.23941e-005
-3.39584e-005
-3.52974e-005
-3.63872e-005
-3.72042e-005
-3.77249e-005
-3.79273e-005
-3.77908e-005
-3.72978e-005
-3.64343e-005
-3.51906e-005
-3.35623e-005
-3.15512e-005
-2.91658e-005
-2.64218e-005
-2.33423e-005
-1.99579e-005
-1.63066e-005
-1.24329e-005
-8.38689e-006
-4.22337e-006
-2.92572e-010
4.22279e-006
8.3863e-006
1.24323e-005
1.6306e-005
1.99573e-005
2.33417e-005
2.64212e-005
2.91652e-005
3.15506e-005
3.35617e-005
3.519e-005
3.64337e-005
3.72972e-005
3.77901e-005
3.79266e-005
3.77243e-005
3.72036e-005
3.63866e-005
3.52968e-005
3.39579e-005
3.23936e-005
3.0627e-005
2.86802e-005
2.6574e-005
2.4328e-005
2.196e-005
1.94865e-005
1.69222e-005
1.42804e-005
1.42804e-005
1.42804e-005
-1.26888e-005
-1.26888e-005
-1.50754e-005
-1.73887e-005
-1.96162e-005
-2.1744e-005
-2.3757e-005
-2.56388e-005
-2.73721e-005
-2.89383e-005
-3.03178e-005
-3.14905e-005
-3.24361e-005
-3.31342e-005
-3.35652e-005
-3.37105e-005
-3.35535e-005
-3.308e-005
-3.22791e-005
-3.11438e-005
-2.96718e-005
-2.7866e-005
-2.57349e-005
-2.32934e-005
-2.05623e-005
-1.7569e-005
-1.43465e-005
-1.09334e-005
-7.37289e-006
-3.71201e-006
-2.73313e-010
3.71147e-006
7.37235e-006
1.09328e-005
1.43459e-005
1.75684e-005
2.05618e-005
2.32928e-005
2.57344e-005
2.78654e-005
2.96713e-005
3.11433e-005
3.22786e-005
3.30795e-005
3.3553e-005
3.371e-005
3.35647e-005
3.31337e-005
3.24356e-005
3.149e-005
3.03173e-005
2.89378e-005
2.73717e-005
2.56385e-005
2.37567e-005
2.17437e-005
1.9616e-005
1.73885e-005
1.50752e-005
1.26888e-005
1.26888e-005
1.26888e-005
-1.11588e-005
-1.11588e-005
-1.33016e-005
-1.53766e-005
-1.73719e-005
-1.92745e-005
-2.10707e-005
-2.27457e-005
-2.4284e-005
-2.5669e-005
-2.68838e-005
-2.79108e-005
-2.87325e-005
-2.93315e-005
-2.96912e-005
-2.97961e-005
-2.96328e-005
-2.91896e-005
-2.84583e-005
-2.74338e-005
-2.61151e-005
-2.45059e-005
-2.26145e-005
-2.04545e-005
-1.80447e-005
-1.54092e-005
-1.25769e-005
-9.58119e-006
-6.45929e-006
-3.25151e-006
-2.52636e-010
3.25101e-006
6.45879e-006
9.58069e-006
1.25764e-005
1.54087e-005
1.80442e-005
2.0454e-005
2.2614e-005
2.45054e-005
2.61146e-005
2.74333e-005
2.84578e-005
2.91892e-005
2.96323e-005
2.97957e-005
2.96907e-005
2.9331e-005
2.87321e-005
2.79104e-005
2.68835e-005
2.56687e-005
2.42837e-005
2.27454e-005
2.10704e-005
1.92742e-005
1.73717e-005
1.53765e-005
1.33015e-005
1.11587e-005
1.11587e-005
1.11587e-005
-9.68556e-006
-9.68556e-006
-1.15957e-005
-1.34443e-005
-1.52201e-005
-1.69114e-005
-1.85055e-005
-1.99893e-005
-2.13491e-005
-2.25701e-005
-2.36377e-005
-2.45365e-005
-2.52515e-005
-2.5768e-005
-2.60718e-005
-2.61501e-005
-2.59918e-005
-2.55875e-005
-2.49307e-005
-2.40179e-005
-2.2849e-005
-2.14279e-005
-1.97626e-005
-1.78653e-005
-1.57528e-005
-1.34463e-005
-1.09708e-005
-8.35518e-006
-5.63157e-006
-2.83449e-006
-2.31062e-010
2.83403e-006
5.63111e-006
8.35472e-006
1.09703e-005
1.34458e-005
1.57524e-005
1.78649e-005
1.97621e-005
2.14275e-005
2.28486e-005
2.40175e-005
2.49303e-005
2.55871e-005
2.59914e-005
2.61498e-005
2.60714e-005
2.57676e-005
2.52512e-005
2.45362e-005
2.36374e-005
2.25699e-005
2.13488e-005
1.99891e-005
1.85053e-005
1.69112e-005
1.522e-005
1.34442e-005
1.15956e-005
9.68552e-006
9.68552e-006
9.68552e-006
-8.26312e-006
-8.26312e-006
-9.95118e-006
-1.15847e-005
-1.3153e-005
-1.46454e-005
-1.60506e-005
-1.73571e-005
-1.85527e-005
-1.96248e-005
-2.05602e-005
-2.1346e-005
-2.19692e-005
-2.24171e-005
-2.26779e-005
-2.27409e-005
-2.25966e-005
-2.22377e-005
-2.16591e-005
-2.0858e-005
-1.98351e-005
-1.85942e-005
-1.71426e-005
-1.54913e-005
-1.36551e-005
-1.16522e-005
-9.50467e-006
-7.23718e-006
-4.87731e-006
-2.45464e-006
-2.0901e-010
2.45423e-006
4.8769e-006
7.23677e-006
9.50426e-006
1.16518e-005
1.36547e-005
1.54909e-005
1.71422e-005
1.85938e-005
1.98348e-005
2.08577e-005
2.16587e-005
2.22374e-005
2.25963e-005
2.27406e-005
2.26776e-005
2.24168e-005
2.19689e-005
2.13458e-005
2.056e-005
1.96245e-005
1.85525e-005
1.7357e-005
1.60505e-005
1.46452e-005
1.31529e-005
1.15847e-005
9.95113e-006
8.2631e-006
8.2631e-006
8.2631e-006
-6.88326e-006
-6.88326e-006
-8.36026e-006
-9.78924e-006
-1.11604e-005
-1.24647e-005
-1.36925e-005
-1.48337e-005
-1.58776e-005
-1.68134e-005
-1.76297e-005
-1.83153e-005
-1.88591e-005
-1.92502e-005
-1.94788e-005
-1.95356e-005
-1.9413e-005
-1.91047e-005
-1.86067e-005
-1.7917e-005
-1.70365e-005
-1.59685e-005
-1.47198e-005
-1.33e-005
-1.17219e-005
-1.00013e-005
-8.15709e-006
-6.21052e-006
-4.18513e-006
-2.1062e-006
-1.85225e-010
2.10583e-006
4.18477e-006
6.21016e-006
8.15673e-006
1.0001e-005
1.17215e-005
1.32996e-005
1.47195e-005
1.59682e-005
1.70362e-005
1.79167e-005
1.86064e-005
1.91045e-005
1.94127e-005
1.95354e-005
1.94785e-005
1.925e-005
1.88588e-005
1.83151e-005
1.76295e-005
1.68132e-005
1.58775e-005
1.48336e-005
1.36924e-005
1.24646e-005
1.11604e-005
9.78919e-006
8.36024e-006
6.88325e-006
6.88325e-006
6.88325e-006
-5.43428e-006
-5.43428e-006
-6.6837e-006
-7.88668e-006
-9.03988e-006
-1.01369e-005
-1.11701e-005
-1.2131e-005
-1.30107e-005
-1.38e-005
-1.44895e-005
-1.50698e-005
-1.55316e-005
-1.58661e-005
-1.60648e-005
-1.61203e-005
-1.60261e-005
-1.57774e-005
-1.53706e-005
-1.48044e-005
-1.40795e-005
-1.31989e-005
-1.21682e-005
-1.09955e-005
-9.69147e-006
-8.26935e-006
-6.74472e-006
-5.13529e-006
-3.46059e-006
-1.74154e-006
-6.58903e-011
1.74141e-006
3.46045e-006
5.13516e-006
6.74458e-006
8.2692e-006
9.69131e-006
1.09953e-005
1.21681e-005
1.31988e-005
1.40793e-005
1.48042e-005
1.53704e-005
1.57772e-005
1.60259e-005
1.61201e-005
1.60646e-005
1.58659e-005
1.55314e-005
1.50696e-005
1.44893e-005
1.37998e-005
1.30105e-005
1.21308e-005
1.11699e-005
1.01368e-005
9.03976e-006
7.88658e-006
6.68362e-006
5.43423e-006
5.43423e-006
5.43423e-006
5.43428e-006
5.43428e-006
6.6837e-006
7.88668e-006
9.03988e-006
1.01369e-005
1.11701e-005
1.2131e-005
1.30107e-005
1.38e-005
1.44895e-005
1.50698e-005
1.55316e-005
1.58661e-005
1.60648e-005
1.61203e-005
1.60261e-005
1.57774e-005
1.53706e-005
1.48044e-005
1.40795e-005
1.31989e-005
1.21682e-005
1.09955e-005
9.69147e-006
8.26935e-006
6.74472e-006
5.13529e-006
3.46059e-006
1.74154e-006
6.58903e-011
-1.74141e-006
-3.46045e-006
-5.13516e-006
-6.74458e-006
-8.2692e-006
-9.69131e-006
-1.09953e-005
-1.21681e-005
-1.31988e-005
-1.40793e-005
-1.48042e-005
-1.53704e-005
-1.57772e-005
-1.60259e-005
-1.61201e-005
-1.60646e-005
-1.58659e-005
-1.55314e-005
-1.50696e-005
-1.44893e-005
-1.37998e-005
-1.30105e-005
-1.21308e-005
-1.11699e-005
-1.01368e-005
-9.03976e-006
-7.88658e-006
-6.68362e-006
-5.43423e-006
-5.43423e-006
-5.43423e-006
