0
0
0
0
0
0
0
0
0
0
0
0
0
0
0
0
0
0
0
0
0
0
0
0
0
0
0
0
0
0
0
0
0
0
0
0
0
0
0
0
0
0
0
0
0
0
0
0
0
0
0
0
0
0
0
0
0
0
0
0
0
0
-6.02198e-006
-6.02198e-006
-5.80752e-006
-5.62608e-006
-5.4398e-006
-5.23291e-006
-4.99712e-006
-4.72644e-006
-4.4157e-006
-4.06006e-006
-3.65506e-006
-3.19667e-006
-2.68158e-006
-2.10734e-006
-1.47277e-006
-7.78198e-007
-2.58182e-008
7.80005e-007
1.63247e-006
2.52217e-006
3.43694e-006
4.36198e-006
5.28004e-006
6.17181e-006
7.0165e-006
7.79268e-006
8.47913e-006
9.05594e-006
9.50551e-006
9.81363e-006
9.97027e-006
9.97026e-006
9.8136e-006
9.50546e-006
9.05587e-006
8.47905e-006
7.79259e-006
7.0164e-006
6.17171e-006
5.27994e-006
4.36188e-006
3.43684e-006
2.52206e-006
1.63237e-006
7.79899e-007
-2.59252e-008
-7.78307e-007
-1.47288e-006
-2.10745e-006
-2.68169e-006
-3.19679e-006
-3.65517e-006
-4.06017e-006
-4.41581e-006
-4.72655e-006
-4.99722e-006
-5.23301e-006
-5.4399e-006
-5.62616e-006
-5.8076e-006
-6.02206e-006
-6.02206e-006
-1.20814e-005
-1.20814e-005
-1.1786e-005
-1.14607e-005
-1.10984e-005
-1.06863e-005
-1.02129e-005
-9.66773e-006
-9.04051e-006
-8.32154e-006
-7.5016e-006
-6.57235e-006
-5.52675e-006
-4.35959e-006
-3.06812e-006
-1.65269e-006
-1.17483e-007
1.5289e-006
3.27281e-006
5.09517e-006
6.97122e-006
8.87062e-006
1.07578e-005
1.2593e-005
1.43331e-005
1.59335e-005
1.73501e-005
1.85413e-005
1.94702e-005
2.01071e-005
2.0431e-005
2.0431e-005
2.01071e-005
1.94701e-005
1.85411e-005
1.735e-005
1.59333e-005
1.43329e-005
1.25928e-005
1.07576e-005
8.87041e-006
6.97101e-006
5.09496e-006
3.2726e-006
1.52869e-006
-1.177e-007
-1.65291e-006
-3.06834e-006
-4.35982e-006
-5.52698e-006
-6.57258e-006
-7.50183e-006
-8.32176e-006
-9.04073e-006
-9.66795e-006
-1.02132e-005
-1.06865e-005
-1.10986e-005
-1.14609e-005
-1.17862e-005
-1.20816e-005
-1.20816e-005
-1.81873e-005
-1.81873e-005
-1.77927e-005
-1.73344e-005
-1.68087e-005
-1.62029e-005
-1.55026e-005
-1.46928e-005
-1.37588e-005
-1.26856e-005
-1.14589e-005
-1.00657e-005
-8.49459e-006
-6.73705e-006
-4.78808e-006
-2.6474e-006
-3.20475e-007
2.18039e-006
4.83514e-006
7.61524e-006
1.04832e-005
1.33928e-005
1.62894e-005
1.91114e-005
2.17917e-005
2.42609e-005
2.64495e-005
2.8292e-005
2.97302e-005
3.07171e-005
3.12191e-005
3.12191e-005
3.0717e-005
2.97301e-005
2.82917e-005
2.64492e-005
2.42606e-005
2.17914e-005
1.91111e-005
1.62891e-005
1.33925e-005
1.04829e-005
7.61492e-006
4.83483e-006
2.18007e-006
-3.20803e-007
-2.64773e-006
-4.78842e-006
-6.7374e-006
-8.49494e-006
-1.0066e-005
-1.14593e-005
-1.26859e-005
-1.37591e-005
-1.46932e-005
-1.55029e-005
-1.62032e-005
-1.6809e-005
-1.73346e-005
-1.77929e-005
-1.81876e-005
-1.81876e-005
-2.43528e-005
-2.43528e-005
-2.38578e-005
-2.32753e-005
-2.25993e-005
-2.1814e-005
-2.09015e-005
-1.98423e-005
-1.86162e-005
-1.7203e-005
-1.55827e-005
-1.37368e-005
-1.16488e-005
-9.30588e-006
-6.6997e-006
-3.82828e-006
-6.97348e-007
2.67806e-006
6.2722e-006
1.00475e-005
1.39537e-005
1.79281e-005
2.18958e-005
2.57714e-005
2.94617e-005
3.28689e-005
3.5895e-005
3.84469e-005
4.04418e-005
4.18119e-005
4.25094e-005
4.25093e-005
4.18118e-005
4.04416e-005
3.84466e-005
3.58946e-005
3.28685e-005
2.94613e-005
2.5771e-005
2.18954e-005
1.79277e-005
1.39533e-005
1.00471e-005
6.27177e-006
2.67763e-006
-6.97789e-007
-3.82873e-006
-6.70017e-006
-9.30635e-006
-1.16493e-005
-1.37373e-005
-1.55832e-005
-1.72034e-005
-1.86167e-005
-1.98427e-005
-2.09019e-005
-2.18144e-005
-2.25996e-005
-2.32756e-005
-2.38582e-005
-2.43531e-005
-2.43531e-005
-3.05913e-005
-3.05913e-005
-3.00039e-005
-2.93095e-005
-2.84989e-005
-2.75523e-005
-2.6447e-005
-2.51584e-005
-2.36607e-005
-2.19273e-005
-1.99321e-005
-1.76498e-005
-1.5058e-005
-1.21378e-005
-8.87648e-006
-5.26858e-006
-1.31861e-006
2.95708e-006
7.52819e-006
1.23488e-005
1.73561e-005
2.24702e-005
2.75942e-005
3.26168e-005
3.74149e-005
4.1858e-005
4.58147e-005
4.91591e-005
5.17783e-005
5.35796e-005
5.44973e-005
5.44972e-005
5.35794e-005
5.1778e-005
4.91587e-005
4.58143e-005
4.18575e-005
3.74143e-005
3.26163e-005
2.75937e-005
2.24696e-005
1.73556e-005
1.23483e-005
7.52766e-006
2.95654e-006
-1.31917e-006
-5.26916e-006
-8.87707e-006
-1.21384e-005
-1.50586e-005
-1.76504e-005
-1.99327e-005
-2.19279e-005
-2.36613e-005
-2.5159e-005
-2.64475e-005
-2.75528e-005
-2.84994e-005
-2.93099e-005
-3.00043e-005
-3.05917e-005
-3.05917e-005
-3.69154e-005
-3.69154e-005
-3.6249e-005
-3.54596e-005
-3.45346e-005
-3.34492e-005
-3.21756e-005
-3.06835e-005
-2.89407e-005
-2.69135e-005
-2.45683e-005
-2.18724e-005
-1.87953e-005
-1.53109e-005
-1.13997e-005
-7.05085e-006
-2.26548e-006
2.94077e-006
8.5348e-006
1.44635e-005
2.06519e-005
2.70023e-005
3.33942e-005
3.9687e-005
4.5723e-005
5.13336e-005
5.63469e-005
6.05967e-005
6.39327e-005
6.6231e-005
6.74031e-005
6.74031e-005
6.62307e-005
6.39323e-005
6.05962e-005
5.63464e-005
5.1333e-005
4.57224e-005
3.96864e-005
3.33936e-005
2.70017e-005
2.06513e-005
1.44629e-005
8.53416e-006
2.94012e-006
-2.26616e-006
-7.05155e-006
-1.14004e-005
-1.53117e-005
-1.8796e-005
-2.18731e-005
-2.45691e-005
-2.69142e-005
-2.89414e-005
-3.06842e-005
-3.21763e-005
-3.34498e-005
-3.45352e-005
-3.54601e-005
-3.62495e-005
-3.69159e-005
-3.69159e-005
-4.33353e-005
-4.33353e-005
-4.26079e-005
-4.17451e-005
-4.07304e-005
-3.95342e-005
-3.81227e-005
-3.64594e-005
-3.45048e-005
-3.22175e-005
-2.95552e-005
-2.64759e-005
-2.29397e-005
-1.89108e-005
-1.43603e-005
-9.26953e-006
-3.63311e-006
2.53681e-006
9.20683e-006
1.63186e-005
2.37859e-005
3.14929e-005
3.92936e-005
4.7014e-005
5.44566e-005
6.14068e-005
6.76428e-005
7.29482e-005
7.7125e-005
8.00088e-005
8.14814e-005
8.14813e-005
8.00084e-005
7.71245e-005
7.29476e-005
6.76422e-005
6.1406e-005
5.44559e-005
4.70133e-005
3.92928e-005
3.14922e-005
2.37852e-005
1.63179e-005
9.20608e-006
2.53604e-006
-3.63391e-006
-9.27036e-006
-1.43612e-005
-1.89117e-005
-2.29406e-005
-2.64768e-005
-2.95561e-005
-3.22184e-005
-3.45056e-005
-3.64602e-005
-3.81235e-005
-3.95349e-005
-4.07311e-005
-4.17457e-005
-4.26085e-005
-4.33359e-005
-4.33359e-005
-4.98584e-005
-4.98584e-005
-4.90922e-005
-4.81821e-005
-4.71078e-005
-4.58341e-005
-4.43215e-005
-4.25263e-005
-4.04013e-005
-3.78963e-005
-3.4959e-005
-3.15363e-005
-2.75766e-005
-2.3032e-005
-1.78612e-005
-1.20337e-005
-5.53409e-006
1.6329e-006
9.43722e-006
1.78183e-005
2.66805e-005
3.58899e-005
4.52732e-005
5.46191e-005
6.36827e-005
7.21941e-005
7.98697e-005
8.64284e-005
9.16105e-005
9.51978e-005
9.70327e-005
9.70326e-005
9.51975e-005
9.161e-005
8.64277e-005
7.98688e-005
7.21932e-005
6.36819e-005
5.46182e-005
4.52724e-005
3.58891e-005
2.66797e-005
1.78175e-005
9.43637e-006
1.632e-006
-5.53503e-006
-1.20346e-005
-1.78622e-005
-2.3033e-005
-2.75777e-005
-3.15373e-005
-3.496e-005
-3.78973e-005
-4.04023e-005
-4.25272e-005
-4.43223e-005
-4.58349e-005
-4.71086e-005
-4.81829e-005
-4.90929e-005
-4.9859e-005
-4.9859e-005
-5.64884e-005
-5.64884e-005
-5.57096e-005
-5.47832e-005
-5.36844e-005
-5.23728e-005
-5.08026e-005
-4.89228e-005
-4.66778e-005
-4.40073e-005
-4.08478e-005
-3.71335e-005
-3.27984e-005
-2.77791e-005
-2.20185e-005
-1.54697e-005
-8.1023e-006
9.18076e-008
9.09103e-006
1.8837e-005
2.92279e-005
4.01131e-005
5.12904e-005
6.25065e-005
7.34613e-005
8.38173e-005
9.32135e-005
0.000101286
0.000107691
0.00011214
0.000114419
0.000114419
0.000112139
0.00010769
0.000101285
9.32125e-005
8.38163e-005
7.34604e-005
6.25056e-005
5.12895e-005
4.01122e-005
2.9227e-005
1.88361e-005
9.09006e-006
9.07799e-008
-8.10339e-006
-1.54709e-005
-2.20197e-005
-2.77804e-005
-3.27996e-005
-3.71347e-005
-4.0849e-005
-4.40085e-005
-4.66789e-005
-4.89239e-005
-5.08036e-005
-5.23737e-005
-5.36853e-005
-5.4784e-005
-5.57104e-005
-5.64891e-005
-5.64891e-005
-6.3225e-005
-6.3225e-005
-6.24636e-005
-6.15563e-005
-6.04736e-005
-5.91699e-005
-5.7593e-005
-5.56844e-005
-5.33795e-005
-5.06072e-005
-4.72913e-005
-4.33512e-005
-3.8704e-005
-3.32675e-005
-2.69637e-005
-1.97242e-005
-1.1497e-005
-2.25422e-006
7.99824e-006
1.9211e-005
3.12811e-005
4.40443e-005
5.7269e-005
7.06553e-005
8.38389e-005
9.64005e-005
0.000107882
0.000117809
0.000125729
0.00013125
0.000134086
0.000134086
0.00013125
0.000125728
0.000117808
0.000107881
9.63994e-005
8.38378e-005
7.06542e-005
5.7268e-005
4.40434e-005
3.12802e-005
1.92099e-005
7.99715e-006
-2.25539e-006
-1.14982e-005
-1.97256e-005
-2.69651e-005
-3.32689e-005
-3.87055e-005
-4.33526e-005
-4.72926e-005
-5.06085e-005
-5.33808e-005
-5.56856e-005
-5.75941e-005
-5.91709e-005
-6.04746e-005
-6.15572e-005
-6.24645e-005
-6.32258e-005
-6.32258e-005
-7.00629e-005
-7.00629e-005
-6.93528e-005
-6.85044e-005
-6.74837e-005
-6.62399e-005
-6.47148e-005
-6.28423e-005
-6.05483e-005
-5.77505e-005
-5.43587e-005
-5.02756e-005
-4.53988e-005
-3.9623e-005
-3.28444e-005
-2.49663e-005
-1.5907e-005
-5.60972e-006
5.94539e-006
1.87276e-005
3.26415e-005
4.75142e-005
6.3086e-005
7.90068e-005
9.48386e-005
0.000110064
0.000124104
0.000136341
0.000146167
0.000153047
0.00015659
0.000156589
0.000153046
0.000146166
0.000136339
0.000124103
0.000110063
9.48374e-005
7.90057e-005
6.3085e-005
4.75132e-005
3.26405e-005
1.87265e-005
5.94416e-006
-5.61107e-006
-1.59085e-005
-2.49678e-005
-3.2846e-005
-3.96246e-005
-4.54005e-005
-5.02772e-005
-5.43602e-005
-5.7752e-005
-6.05497e-005
-6.28436e-005
-6.4716e-005
-6.6241e-005
-6.74847e-005
-6.85054e-005
-6.93537e-005
-7.00637e-005
-7.00637e-005
-7.69915e-005
-7.69915e-005
-7.63699e-005
-7.56245e-005
-7.47166e-005
-7.3591e-005
-7.21836e-005
-7.04213e-005
-6.82206e-005
-6.54875e-005
-6.2117e-005
-5.79936e-005
-5.29923e-005
-4.6981e-005
-3.98242e-005
-3.13892e-005
-2.15547e-005
-1.02228e-005
2.66564e-006
1.71128e-005
3.30433e-005
5.02851e-005
6.85541e-005
8.74474e-005
0.000106444
0.000124915
0.000142129
0.000157283
0.00016955
0.000178182
0.000182637
0.000182636
0.000178181
0.000169549
0.000157282
0.000142128
0.000124913
0.000106443
8.74463e-005
6.85531e-005
5.0284e-005
3.30422e-005
1.71116e-005
2.66424e-006
-1.02244e-005
-2.15564e-005
-3.1391e-005
-3.98261e-005
-4.69829e-005
-5.29942e-005
-5.79954e-005
-6.21188e-005
-6.54892e-005
-6.82222e-005
-7.04228e-005
-7.2185e-005
-7.35922e-005
-7.47178e-005
-7.56255e-005
-7.63708e-005
-7.69923e-005
-7.69923e-005
-8.39943e-005
-8.39943e-005
-8.35015e-005
-8.29067e-005
-8.21671e-005
-8.12235e-005
-8.00072e-005
-7.84385e-005
-7.64251e-005
-7.38616e-005
-7.06279e-005
-6.65892e-005
-6.15956e-005
-5.54842e-005
-4.80819e-005
-3.92113e-005
-2.86996e-005
-1.63923e-005
-2.17255e-006
1.40148e-005
3.2134e-005
5.20287e-005
7.3398e-005
9.57843e-005
0.000118577
0.000141021
0.000162215
0.000181113
0.000196568
0.000207496
0.000213139
0.000213139
0.000207495
0.000196566
0.000181111
0.000162214
0.000141019
0.000118576
9.57833e-005
7.3397e-005
5.20277e-005
3.21328e-005
1.40134e-005
-2.17417e-006
-1.63941e-005
-2.87016e-005
-3.92135e-005
-4.80842e-005
-5.54864e-005
-6.15977e-005
-6.65912e-005
-7.06299e-005
-7.38635e-005
-7.64268e-005
-7.844e-005
-8.00087e-005
-8.12248e-005
-8.21683e-005
-8.29078e-005
-8.35025e-005
-8.39952e-005
-8.39952e-005
-9.10488e-005
-9.10488e-005
-9.07272e-005
-9.03335e-005
-8.98211e-005
-8.91284e-005
-8.8183e-005
-8.68999e-005
-8.51794e-005
-8.29056e-005
-7.99437e-005
-7.61392e-005
-7.13163e-005
-6.52779e-005
-5.78077e-005
-4.86742e-005
-3.76396e-005
-2.44739e-005
-8.97804e-006
8.98518e-006
2.94492e-005
5.2298e-005
7.72249e-005
0.000103715
0.000131058
0.000158375
0.000184598
0.000208384
0.000228114
0.000242096
0.000249285
0.000249285
0.000242095
0.000228112
0.000208383
0.000184597
0.000158374
0.000131057
0.000103714
7.72239e-005
5.22969e-005
2.94479e-005
8.98358e-006
-8.97995e-006
-2.44761e-005
-3.7642e-005
-4.86768e-005
-5.78103e-005
-6.52805e-005
-7.13187e-005
-7.61415e-005
-7.99459e-005
-8.29076e-005
-8.51813e-005
-8.69016e-005
-8.81845e-005
-8.91298e-005
-8.98223e-005
-9.03347e-005
-9.07282e-005
-9.10497e-005
-9.10497e-005
-9.81257e-005
-9.81257e-005
-9.8019e-005
-9.78788e-005
-9.76551e-005
-9.72856e-005
-9.66962e-005
-9.57983e-005
-9.44869e-005
-9.26372e-005
-9.01017e-005
-8.67073e-005
-8.2252e-005
-7.65031e-005
-6.91964e-005
-6.00379e-005
-4.87101e-005
-3.48855e-005
-1.82505e-005
1.45497e-006
2.438e-005
5.0489e-005
7.94886e-005
0.000110792
0.000143565
0.000176824
0.000209419
0.000239712
0.000265409
0.000283488
0.000292624
0.000292623
0.000283487
0.000265407
0.000239711
0.000209418
0.000176824
0.000143564
0.000110791
7.94875e-005
5.04878e-005
2.43785e-005
1.45307e-006
-1.82528e-005
-3.48882e-005
-4.8713e-005
-6.00409e-005
-6.91994e-005
-7.6506e-005
-8.22548e-005
-8.67099e-005
-9.01041e-005
-9.26394e-005
-9.44889e-005
-9.58001e-005
-9.66978e-005
-9.72871e-005
-9.76564e-005
-9.78799e-005
-9.80201e-005
-9.81267e-005
-9.81267e-005
-0.000105189
-0.000105189
-0.000105341
-0.000105507
-0.000105635
-0.000105663
-0.000105517
-0.00010511
-0.000104332
-0.000103054
-0.000101118
-9.83359e-005
-9.44809e-005
-8.92857e-005
-8.24365e-005
-7.35704e-005
-6.2277e-005
-4.8107e-005
-3.05931e-005
-9.29447e-006
1.61271e-005
4.57895e-005
7.9448e-005
0.0001164
0.000155585
0.000195937
0.00023654
0.000275637
0.000310321
0.000333825
0.0003451
0.0003451
0.000333826
0.000310319
0.000275636
0.000236541
0.000195937
0.000155584
0.000116399
7.94466e-005
4.57881e-005
1.61253e-005
-9.29682e-006
-3.0596e-005
-4.81102e-005
-6.22806e-005
-7.3574e-005
-8.244e-005
-8.92891e-005
-9.4484e-005
-9.83387e-005
-0.000101121
-0.000103057
-0.000104334
-0.000105112
-0.000105519
-0.000105664
-0.000105636
-0.000105508
-0.000105342
-0.00010519
-0.00010519
-0.000112197
-0.000112197
-0.000112651
-0.000113173
-0.000113713
-0.000114212
-0.000114601
-0.000114791
-0.000114678
-0.000114129
-0.000112981
-0.000111036
-0.000108049
-0.000103722
-9.76929e-005
-8.95296e-005
-7.87202e-005
-6.46716e-005
-4.67199e-005
-2.41664e-005
3.63361e-006
3.7094e-005
7.6113e-005
0.000119776
0.000166437
0.000214798
0.000265166
0.000315975
0.000366411
0.000396395
0.000408853
0.000408855
0.000396399
0.000366411
0.000315976
0.00026517
0.000214798
0.000166436
0.000119773
7.61111e-005
3.70923e-005
3.63139e-006
-2.41694e-005
-4.67236e-005
-6.46757e-005
-7.87245e-005
-8.95339e-005
-9.7697e-005
-0.000103726
-0.000108053
-0.00011104
-0.000112984
-0.000114131
-0.00011468
-0.000114793
-0.000114602
-0.000114214
-0.000113714
-0.000113174
-0.000112652
-0.000112198
-0.000112198
-0.0001191
-0.0001191
-0.000119895
-0.000120822
-0.000121832
-0.000122873
-0.000123881
-0.000124776
-0.000125459
-0.000125801
-0.000125641
-0.000124779
-0.000122958
-0.000119859
-0.000115083
-0.000108134
-9.84017e-005
-8.51387e-005
-6.74478e-005
-4.42842e-005
-1.45198e-005
2.28401e-005
6.81338e-005
0.000120151
0.000175589
0.00023165
0.00029335
0.000356686
0.000442949
0.000476498
0.000485066
0.00048507
0.000476508
0.000442952
0.000356693
0.000293358
0.000231649
0.000175586
0.000120147
6.81311e-005
2.28381e-005
-1.45227e-005
-4.42882e-005
-6.74526e-005
-8.51439e-005
-9.84069e-005
-0.000108139
-0.000115088
-0.000119863
-0.000122962
-0.000124782
-0.000125644
-0.000125803
-0.000125461
-0.000124778
-0.000123883
-0.000122874
-0.000121833
-0.000120823
-0.000119896
-0.000119101
-0.000119101
-0.000125844
-0.000125844
-0.000127014
-0.000128388
-0.000129919
-0.000131566
-0.000133274
-0.000134975
-0.00013658
-0.000137973
-0.000139005
-0.000139479
-0.000139144
-0.000137673
-0.000134645
-0.000129522
-0.000121613
-0.000110033
-9.36474e-005
-7.10018e-005
-4.02678e-005
6.52618e-007
5.34301e-005
0.000117105
0.000184117
0.000242861
0.000319897
0.000374657
0.000572036
0.000581599
0.000569848
0.000569847
0.000581603
0.000572062
0.00037469
0.000319897
0.000242857
0.00018411
0.000117095
5.3427e-005
6.50428e-007
-4.02718e-005
-7.10073e-005
-9.36537e-005
-0.000110039
-0.000121619
-0.000129528
-0.000134651
-0.000137678
-0.000139148
-0.000139483
-0.000139008
-0.000137976
-0.000136582
-0.000134976
-0.000133275
-0.000131567
-0.000129921
-0.000128389
-0.000127015
-0.000125845
-0.000125845
-0.00013237
-0.00013237
-0.000133943
-0.000135797
-0.000137891
-0.000140196
-0.000142673
-0.000145268
-0.000147912
-0.000150507
-0.000152924
-0.000154989
-0.000156466
-0.000157042
-0.000156303
-0.000153696
-0.000148494
-0.000139731
-0.000126106
-0.000105806
-7.62007e-005
-3.33909e-005
2.78285e-005
0.000110719
0.000200905
0.000235839
0.000368667
0.000266833
0.000889646
0.000724882
0.000660167
0.000660161
0.000724891
0.000889704
0.000266864
0.000368645
0.000235854
0.00020089
0.000110701
2.78265e-005
-3.33934e-005
-7.62066e-005
-0.000105814
-0.000126114
-0.000139739
-0.000148501
-0.000153702
-0.000156308
-0.000157047
-0.00015647
-0.000154992
-0.000152927
-0.00015051
-0.000147914
-0.00014527
-0.000142674
-0.000140197
-0.000137892
-0.000135798
-0.000133944
-0.000132371
-0.000132371
-0.000138615
-0.000138615
-0.000140608
-0.000142965
-0.000145652
-0.000148655
-0.000151952
-0.000155513
-0.000159292
-0.000163219
-0.000167197
-0.000171085
-0.000174687
-0.000177728
-0.000179827
-0.000180464
-0.000178935
-0.000174291
-0.000165237
-0.000149915
-0.000125335
-8.58412e-005
-1.94435e-005
9.71065e-005
0.000272535
0.000139221
0.00064522
0.000313648
0.0010808
0.000852624
0.00076759
0.000767606
0.000852674
0.00108082
0.000313656
0.000645227
0.000139202
0.000272479
9.70853e-005
-1.94476e-005
-8.58456e-005
-0.000125344
-0.000149924
-0.000165246
-0.0001743
-0.000178943
-0.00018047
-0.000179833
-0.000177733
-0.000174692
-0.000171089
-0.0001672
-0.000163221
-0.000159294
-0.000155515
-0.000151954
-0.000148656
-0.000145653
-0.000142966
-0.000140609
-0.000138615
-0.000138615
-0.000144513
-0.000144513
-0.000146934
-0.000149803
-0.000153097
-0.000156818
-0.000160968
-0.000165541
-0.000170522
-0.000175879
-0.000181558
-0.000187468
-0.00019347
-0.000199355
-0.000204811
-0.000209396
-0.00021249
-0.00021326
-0.000210635
-0.000203278
-0.00018938
-0.00016519
-0.00011673
3.45364e-005
0.000634758
0.000211779
0.000903794
0.000689536
0.000870231
0.000846759
0.00081642
0.000816438
0.000846801
0.000870229
0.000689569
0.000903865
0.000211792
0.000634711
3.43962e-005
-0.000116776
-0.000165189
-0.000189389
-0.000203287
-0.000210645
-0.00021327
-0.000212498
-0.000209403
-0.000204818
-0.00019936
-0.000193475
-0.000187471
-0.00018156
-0.000175881
-0.000170524
-0.000165543
-0.000160969
-0.000156819
-0.000153098
-0.000149804
-0.000146935
-0.000144513
-0.000144513
-0.000149997
-0.000149997
-0.000152841
-0.000156218
-0.000160113
-0.000164552
-0.00016956
-0.000175161
-0.000181376
-0.000188218
-0.000195686
-0.000203758
-0.000212371
-0.000221409
-0.000230668
-0.000239819
-0.000248368
-0.000255624
-0.000260763
-0.000263178
-0.000263715
-0.000268795
-0.000302279
0.000390435
0.000939187
0.000603098
0.000761871
0.000763344
0.000815556
0.000823405
0.000818049
0.000818055
0.000823419
0.0008156
0.000763409
0.000761895
0.000603162
0.000939103
0.000390322
-0.00030236
-0.000268817
-0.000263722
-0.000263187
-0.000260773
-0.000255634
-0.000248377
-0.000239827
-0.000230674
-0.000221414
-0.000212375
-0.000203761
-0.000195689
-0.00018822
-0.000181378
-0.000175162
-0.000169561
-0.000164553
-0.000160114
-0.000156218
-0.000152842
-0.000149998
-0.000149998
-0.000155004
-0.000155004
-0.000158251
-0.000162112
-0.000166586
-0.000171717
-0.000177559
-0.000184167
-0.000191602
-0.00019993
-0.000209212
-0.000219505
-0.000230847
-0.000243242
-0.000256631
-0.000270844
-0.000285538
-0.000300104
-0.000313613
-0.000324958
-0.000333584
-0.000341632
-0.00035524
0.00102432
0.000860644
0.00075626
0.00077584
0.000785992
0.000805151
0.000813262
0.000814349
0.000814353
0.000813277
0.000805187
0.000786036
0.000775901
0.000756356
0.000860711
0.00102444
-0.000355613
-0.000341758
-0.000333595
-0.000324971
-0.000313626
-0.000300115
-0.000285547
-0.000270852
-0.000256637
-0.000243247
-0.000230851
-0.000219508
-0.000209214
-0.000199931
-0.000191604
-0.000184168
-0.000177559
-0.000171718
-0.000166586
-0.000162112
-0.000158252
-0.000155005
-0.000155005
-0.000159472
-0.000159472
-0.000163088
-0.000167393
-0.000172399
-0.000178172
-0.00018479
-0.000192344
-0.000200937
-0.000210686
-0.000221726
-0.000234203
-0.00024827
-0.000264082
-0.000281769
-0.000301389
-0.000322835
-0.000345641
-0.000368627
-0.000389494
-0.000406289
-0.000445958
0.000194924
0.00101642
0.00087996
0.000814517
0.00080015
0.000799722
0.00080576
0.000810134
0.000811738
0.000811743
0.00081015
0.000805792
0.000799766
0.000800213
0.000814592
0.000880063
0.0010165
0.000194594
-0.000446091
-0.000406302
-0.00038951
-0.000368643
-0.000345654
-0.000322845
-0.000301397
-0.000281775
-0.000264086
-0.000248273
-0.000234205
-0.000221728
-0.000210688
-0.000200937
-0.000192345
-0.000184791
-0.000178173
-0.000172399
-0.000167394
-0.000163089
-0.000159472
-0.000159472
-0.000163345
-0.000163345
-0.000167282
-0.000171974
-0.000177445
-0.000183781
-0.000191086
-0.000199482
-0.000209113
-0.000220153
-0.000232804
-0.000247309
-0.000263948
-0.000283048
-0.000304974
-0.000330109
-0.000358773
-0.000390997
-0.000425764
-0.000458483
-0.00047311
-0.000456269
0.000859664
0.000866954
0.00084846
0.000822831
0.000810519
0.000806992
0.000808025
0.000809772
0.000810727
0.000810732
0.000809787
0.000808053
0.000807033
0.000810575
0.000822899
0.000848537
0.000867019
0.000859763
-0.000456636
-0.000473221
-0.000458511
-0.000425786
-0.000391012
-0.000358783
-0.000330115
-0.000304979
-0.000283051
-0.00026395
-0.00024731
-0.000232805
-0.000220154
-0.000209114
-0.000199482
-0.000191086
-0.000183781
-0.000177445
-0.000171974
-0.000167282
-0.000163345
-0.000163345
-0.000166573
-0.000166573
-0.00017077
-0.000175776
-0.000181625
-0.000188422
-0.000196291
-0.000205383
-0.000215881
-0.000228007
-0.000242029
-0.000258279
-0.000277164
-0.000299187
-0.000324971
-0.000355298
-0.000391153
-0.000433811
-0.000484968
-0.00054688
-0.000615216
0.000147514
0.000862364
0.000834417
0.000826651
0.000817911
0.000812109
0.000809706
0.000809576
0.000810199
0.000810667
0.000810671
0.000810212
0.000809598
0.000809739
0.000812152
0.000817962
0.000826709
0.000834499
0.00086241
0.00014716
-0.000615228
-0.000546917
-0.000484991
-0.000433825
-0.000391163
-0.000355304
-0.000324975
-0.000299189
-0.000277166
-0.00025828
-0.00024203
-0.000228007
-0.000215882
-0.000205383
-0.000196291
-0.000188421
-0.000181625
-0.000175776
-0.00017077
-0.000166573
-0.000166573
-0.000169119
-0.000169119
-0.000173503
-0.000178734
-0.000184857
-0.000191989
-0.000200271
-0.000209879
-0.000221022
-0.000233963
-0.000249026
-0.000266615
-0.000287243
-0.000311564
-0.000340427
-0.00037496
-0.000416733
-0.000468128
-0.000533404
-0.000622309
-0.000754014
0.000822332
0.000730842
0.00078793
0.000806033
0.000810071
0.000810309
0.000810152
0.000810373
0.000810783
0.00081107
0.000811073
0.000810792
0.000810388
0.000810175
0.000810338
0.000810106
0.000806077
0.000787986
0.000730843
0.000822231
-0.000754088
-0.000622372
-0.000533435
-0.000468144
-0.000416741
-0.000374964
-0.000340429
-0.000311565
-0.000287244
-0.000266615
-0.000249026
-0.000233963
-0.000221022
-0.000209878
-0.000200271
-0.000191988
-0.000184857
-0.000178734
-0.000173502
-0.000169118
-0.000169118
-0.000170953
-0.000170953
-0.000175442
-0.000180802
-0.00018708
-0.000194404
-0.000202927
-0.000212837
-0.000224365
-0.000237798
-0.000253495
-0.000271912
-0.00029363
-0.0003194
-0.000350212
-0.000387383
-0.000432692
-0.000488568
-0.000558277
-0.000646019
-0.000758982
0.000981534
0.000771483
0.000786692
0.000799554
0.000806037
0.000808908
0.000810224
0.000810983
0.000811489
0.000811759
0.000811761
0.000811493
0.00081099
0.000810235
0.000808922
0.000806055
0.00079958
0.000786739
0.000771615
0.000981558
-0.000759178
-0.000646099
-0.000558311
-0.000488583
-0.000432698
-0.000387385
-0.000350213
-0.0003194
-0.000293629
-0.000271911
-0.000253495
-0.000237797
-0.000224364
-0.000212836
-0.000202926
-0.000194403
-0.00018708
-0.000180801
-0.000175442
-0.000170953
-0.000170953
-0.000172062
-0.000172062
-0.000176569
-0.00018195
-0.000188257
-0.00019562
-0.000204195
-0.000214177
-0.000225802
-0.000239367
-0.000255245
-0.000273908
-0.000295962
-0.000322194
-0.000353639
-0.000391668
-0.000438087
-0.000495184
-0.000565431
-0.000650291
-0.00075611
0.00100946
0.000794958
0.000791564
0.000799482
0.000805614
0.000809063
0.000810856
0.000811848
0.000812432
0.000812718
0.000812718
0.000812431
0.000811846
0.000810855
0.000809062
0.000805615
0.000799489
0.000791585
0.000795012
0.00100944
-0.000756202
-0.000650299
-0.000565434
-0.000495183
-0.000438085
-0.000391666
-0.000353637
-0.000322192
-0.00029596
-0.000273907
-0.000255244
-0.000239366
-0.0002258
-0.000214175
-0.000204194
-0.000195619
-0.000188257
-0.000181949
-0.000176568
-0.000172061
-0.000172061
-0.000172442
-0.000172442
-0.000176877
-0.000182173
-0.000188379
-0.000195622
-0.000204057
-0.000213872
-0.000225298
-0.000238624
-0.00025421
-0.000272513
-0.000294116
-0.000319775
-0.000350482
-0.000387562
-0.000432804
-0.000488653
-0.0005584
-0.000646259
-0.000759176
0.000983334
0.000772796
0.000788167
0.000801227
0.000807874
0.000810875
0.00081229
0.000813121
0.000813673
0.000813965
0.000813963
0.000813667
0.00081311
0.000812276
0.000810858
0.000807855
0.000801207
0.000788143
0.000772739
0.000983322
-0.000759132
-0.000646217
-0.000558371
-0.000488637
-0.000432794
-0.000387555
-0.000350478
-0.000319771
-0.000294113
-0.00027251
-0.000254208
-0.000238622
-0.000225296
-0.00021387
-0.000204056
-0.000195621
-0.000188378
-0.000182171
-0.000176876
-0.000172441
-0.000172441
-0.000172105
-0.000172105
-0.00017638
-0.000181484
-0.000187462
-0.000194433
-0.000202538
-0.000211954
-0.000222894
-0.000235619
-0.000250457
-0.000267817
-0.000288213
-0.000312306
-0.000340953
-0.000375293
-0.000416913
-0.000468229
-0.000533562
-0.00062277
-0.000753129
0.000824351
0.000733248
0.000790948
0.000809436
0.000813786
0.000814273
0.00081431
0.000814673
0.000815176
0.000815507
0.000815504
0.000815164
0.000814653
0.000814282
0.000814238
0.000813743
0.00080938
0.000790856
0.000733107
0.000824404
-0.000753007
-0.000622648
-0.00053351
-0.000468203
-0.000416898
-0.000375283
-0.000340946
-0.000312301
-0.000288209
-0.000267813
-0.000250455
-0.000235617
-0.000222891
-0.000211952
-0.000202537
-0.000194431
-0.000187461
-0.000181483
-0.000176379
-0.000172104
-0.000172104
-0.000171075
-0.000171075
-0.000175108
-0.000179922
-0.000185553
-0.000192107
-0.000199709
-0.000208513
-0.000218702
-0.000230501
-0.000244183
-0.000260083
-0.000278613
-0.000300283
-0.000325728
-0.000355741
-0.000391326
-0.000433785
-0.000484863
-0.000546864
-0.000612434
0.000146759
0.000866463
0.000839144
0.000831854
0.000823562
0.000818122
0.000816003
0.000816085
0.00081685
0.000817386
0.000817381
0.000816834
0.000816056
0.000815963
0.000818068
0.000823499
0.000831783
0.000839057
0.000866462
0.000146989
-0.000612445
-0.000546805
-0.000484826
-0.000433761
-0.00039131
-0.00035573
-0.00032572
-0.000300277
-0.000278608
-0.000260079
-0.00024418
-0.000230498
-0.0002187
-0.00020851
-0.000199707
-0.000192105
-0.000185551
-0.000179921
-0.000175107
-0.000171073
-0.000171073
-0.000169389
-0.000169389
-0.000173108
-0.000177542
-0.000182721
-0.000188731
-0.000195678
-0.000203685
-0.000212901
-0.0002235
-0.00023569
-0.000249718
-0.000265871
-0.000284485
-0.000305934
-0.000330614
-0.000358862
-0.000390717
-0.000425155
-0.000457442
-0.000470742
-0.00045861
0.000866005
0.000873182
0.0008555
0.000830488
0.000818644
0.000815495
0.000816812
0.000818753
0.000819806
0.000819801
0.000818735
0.000816777
0.000815443
0.000818573
0.000830402
0.000855401
0.000873092
0.000865961
-0.000458226
-0.000470714
-0.000457426
-0.000425128
-0.000390696
-0.000358845
-0.000330602
-0.000305925
-0.000284478
-0.000265866
-0.000249713
-0.000235686
-0.000223496
-0.000212898
-0.000203682
-0.000195675
-0.000188729
-0.000182719
-0.00017754
-0.000173106
-0.000169387
-0.000169387
-0.000167096
-0.000167096
-0.000170437
-0.000174418
-0.000179056
-0.000184418
-0.000190585
-0.000197648
-0.000205715
-0.000214906
-0.000225359
-0.000237226
-0.000250669
-0.00026585
-0.000282909
-0.000301918
-0.000322786
-0.000345063
-0.0003676
-0.000388174
-0.000405163
-0.000443734
0.000198717
0.00102411
0.000888926
0.000824267
0.000810455
0.000810518
0.000816916
0.000821547
0.000823288
0.000823282
0.000821528
0.000816877
0.000810462
0.000810374
0.000824168
0.000888797
0.00102404
0.000198816
-0.000443493
-0.000405095
-0.000388142
-0.000367575
-0.000345043
-0.00032277
-0.000301906
-0.000282899
-0.000265842
-0.000250662
-0.000237221
-0.000225354
-0.000214902
-0.000205711
-0.000197645
-0.000190582
-0.000184416
-0.000179054
-0.000174416
-0.000170435
-0.000167094
-0.000167094
-0.000164253
-0.000164253
-0.000167168
-0.000170637
-0.000174666
-0.000179301
-0.000184595
-0.000190607
-0.000197403
-0.000205049
-0.000213613
-0.000223157
-0.000233727
-0.000245334
-0.000257931
-0.000271362
-0.000285297
-0.000299148
-0.000312009
-0.000322803
-0.000330953
-0.000337761
-0.000353269
0.00103265
0.000871138
0.000768236
0.000788394
0.000799212
0.000818786
0.000827236
0.000828519
0.000828514
0.00082722
0.000818744
0.000799156
0.000788311
0.000768104
0.000871005
0.00103259
-0.000352931
-0.000337657
-0.000330932
-0.000322781
-0.000311989
-0.000299131
-0.000285283
-0.000271351
-0.000257922
-0.000245327
-0.00023372
-0.000223151
-0.000213608
-0.000205045
-0.000197399
-0.000190604
-0.000184592
-0.000179298
-0.000174663
-0.000170635
-0.000167166
-0.000164251
-0.000164251
-0.000160927
-0.000160927
-0.00016338
-0.000166296
-0.000169669
-0.000173523
-0.000177885
-0.000182783
-0.00018824
-0.000194273
-0.000200886
-0.000208061
-0.000215745
-0.000223829
-0.000232119
-0.0002403
-0.000247892
-0.000254221
-0.000258484
-0.000260101
-0.000259949
-0.000264524
-0.000297242
0.000397722
0.000949739
0.000617111
0.000776692
0.000779227
0.000831775
0.000840106
0.00083504
0.000835036
0.000840095
0.00083173
0.000779153
0.000776648
0.000617026
0.00094981
0.000397673
-0.000297073
-0.000264487
-0.000259935
-0.000260087
-0.000258469
-0.000254207
-0.000247879
-0.00024029
-0.00023211
-0.000223821
-0.000215739
-0.000208056
-0.000200881
-0.000194269
-0.000188236
-0.00018278
-0.000177882
-0.00017352
-0.000169666
-0.000166294
-0.000163378
-0.000160925
-0.000160925
-0.000157187
-0.000157187
-0.000159159
-0.000161499
-0.000164189
-0.000167235
-0.00017064
-0.000174399
-0.000178501
-0.000182916
-0.000187596
-0.000192456
-0.000197363
-0.000202116
-0.000206415
-0.000209827
-0.000211747
-0.000211358
-0.000207605
-0.000199169
-0.000184256
-0.000159119
-0.000109811
4.27027e-005
0.000645946
0.000225706
0.000920508
0.000708263
0.000888993
0.000866433
0.000836509
0.000836495
0.000866403
0.000889003
0.000708234
0.000920419
0.000225669
0.000646151
4.2666e-005
-0.000109791
-0.000159126
-0.000184248
-0.000199158
-0.000207593
-0.000211347
-0.000211737
-0.000209817
-0.000206406
-0.000202109
-0.000197357
-0.00019245
-0.000187591
-0.000182912
-0.000178497
-0.000174396
-0.000170637
-0.000167232
-0.000164186
-0.000161496
-0.000159157
-0.000157185
-0.000157185
-0.00015311
-0.00015311
-0.000154594
-0.00015635
-0.000158353
-0.000160589
-0.000163038
-0.000165672
-0.000168446
-0.000171295
-0.000174125
-0.000176802
-0.000179135
-0.000180856
-0.000181596
-0.000180845
-0.000177911
-0.00017186
-0.000161408
-0.00014471
-0.000118785
-7.797e-005
-1.02649e-005
0.000107627
0.000283552
0.000155202
0.00066466
0.000332709
0.00110198
0.000875658
0.000791198
0.00079119
0.000875639
0.00110198
0.000332713
0.000664742
0.000155124
0.000283627
0.00010759
-1.02901e-005
-7.79793e-005
-0.000118782
-0.000144703
-0.000161399
-0.000171851
-0.000177903
-0.000180837
-0.000181588
-0.000180849
-0.000179129
-0.000176796
-0.00017412
-0.00017129
-0.000168442
-0.000165669
-0.000163035
-0.000160586
-0.00015835
-0.000156348
-0.000154591
-0.000153107
-0.000153107
-0.00014877
-0.00014877
-0.000149772
-0.000150955
-0.000152283
-0.000153728
-0.000155252
-0.000156804
-0.000158315
-0.000159691
-0.000160807
-0.000161491
-0.000161517
-0.000160578
-0.000158267
-0.000154044
-0.000147193
-0.000136761
-0.000121457
-9.94812e-005
-6.82071e-005
-2.37357e-005
3.91478e-005
0.000123738
0.000215783
0.000253324
0.000385742
0.000288834
0.000915678
0.000750753
0.000685887
0.000685901
0.000750782
0.000915665
0.000288792
0.000385785
0.000253281
0.000215788
0.000123731
3.91293e-005
-2.37464e-005
-6.8209e-005
-9.94781e-005
-0.000121452
-0.000136754
-0.000147186
-0.000154037
-0.00015826
-0.000160572
-0.000161511
-0.000161486
-0.000160802
-0.000159687
-0.000158311
-0.000156801
-0.000155249
-0.000153725
-0.00015228
-0.000150952
-0.00014977
-0.000148767
-0.000148767
-0.000144243
-0.000144243
-0.000144782
-0.000145412
-0.000146095
-0.000146787
-0.000147437
-0.000147977
-0.000148318
-0.000148347
-0.000147918
-0.000146839
-0.000144863
-0.00014167
-0.000136849
-0.000129871
-0.000120057
-0.000106534
-8.81797e-005
-6.35519e-005
-3.0831e-005
1.20766e-005
6.68453e-005
0.000132538
0.000201652
0.000262586
0.000341472
0.000399412
0.000598301
0.000608457
0.000597604
0.000597612
0.00060847
0.000598293
0.000399382
0.000341476
0.00026258
0.000201648
0.000132533
6.68343e-005
1.20679e-005
-3.08346e-005
-6.35513e-005
-8.81764e-005
-0.000106529
-0.000120051
-0.000129866
-0.000136844
-0.000141664
-0.000144857
-0.000146834
-0.000147913
-0.000148343
-0.000148314
-0.000147973
-0.000147434
-0.000146784
-0.000146092
-0.00014541
-0.000144779
-0.00014424
-0.00014424
-0.000139602
-0.000139602
-0.000139705
-0.000139817
-0.000139896
-0.000139889
-0.000139732
-0.000139347
-0.000138632
-0.000137462
-0.000135678
-0.000133082
-0.000129424
-0.00012439
-0.000117588
-0.000108534
-9.66284e-005
-8.11368e-005
-6.11764e-005
-3.57169e-005
-3.64385e-006
3.60256e-005
8.36225e-005
0.000137936
0.000195666
0.000253978
0.000317822
0.000383358
0.000471208
0.000505717
0.00051489
0.00051489
0.000505716
0.000471214
0.000383355
0.000317814
0.000253973
0.000195661
0.000137931
8.36151e-005
3.60191e-005
-3.64753e-006
-3.57176e-005
-6.11748e-005
-8.11337e-005
-9.66243e-005
-0.00010853
-0.000117584
-0.000124385
-0.000129419
-0.000133078
-0.000135674
-0.000137458
-0.000138628
-0.000139343
-0.000139729
-0.000139886
-0.000139893
-0.000139814
-0.000139703
-0.000139599
-0.000139599
-0.000134917
-0.000134917
-0.000134619
-0.000134255
-0.000133781
-0.000133139
-0.000132256
-0.000131045
-0.0001294
-0.000127189
-0.00012425
-0.000120388
-0.00011536
-0.000108875
-0.000100579
-9.00492e-005
-7.67853e-005
-6.02088e-005
-3.96724e-005
-1.44957e-005
1.59465e-005
5.20477e-005
9.36858e-005
0.000139925
0.000189095
0.00023985
0.000292442
0.000345253
0.00039726
0.000428292
0.000441301
0.000441301
0.000428293
0.000397265
0.000345255
0.000292438
0.000239845
0.00018909
0.000139921
9.36804e-005
5.20428e-005
1.59432e-005
-1.44969e-005
-3.96718e-005
-6.02068e-005
-7.67822e-005
-9.00456e-005
-0.000100575
-0.000108871
-0.000115356
-0.000120384
-0.000124246
-0.000127185
-0.000129396
-0.000131042
-0.000132252
-0.000133135
-0.000133778
-0.000134252
-0.000134616
-0.000134914
-0.000134914
-0.000130251
-0.000130251
-0.000129592
-0.000128801
-0.000127834
-0.000126628
-0.000125106
-0.000123178
-0.000120733
-0.000117642
-0.000113746
-0.000108858
-0.000102754
-9.51716e-005
-8.58039e-005
-7.42973e-005
-6.02541e-005
-4.32405e-005
-2.28085e-005
1.46033e-006
2.98782e-005
6.25339e-005
9.915e-005
0.000138988
0.00018094
0.000223887
0.000266845
0.00030798
0.000344273
0.000368881
0.00038072
0.00038072
0.000368883
0.000344277
0.000307982
0.000266844
0.000223884
0.000180937
0.000138984
9.91459e-005
6.25302e-005
2.98755e-005
1.45904e-006
-2.28084e-005
-4.32392e-005
-6.02519e-005
-7.42945e-005
-8.58006e-005
-9.51681e-005
-0.00010275
-0.000108854
-0.000113742
-0.000117638
-0.00012073
-0.000123174
-0.000125103
-0.000126625
-0.000127831
-0.000128798
-0.000129589
-0.000130248
-0.000130248
-0.000125662
-0.000125662
-0.000124688
-0.000123523
-0.000122126
-0.000120432
-0.000118362
-0.000115825
-0.000112713
-0.000108899
-0.000104233
-9.85419e-005
-9.1625e-005
-8.32527e-005
-7.31665e-005
-6.10815e-005
-4.66929e-005
-2.96899e-005
-9.78084e-006
1.32679e-005
3.9573e-005
6.90611e-005
0.000101395
0.000135937
0.000171794
0.000207915
0.000243074
0.000275554
0.000302971
0.000322235
0.000331975
0.000331976
0.000322237
0.000302974
0.000275556
0.000243074
0.000207913
0.000171791
0.000135934
0.000101392
6.90583e-005
3.95709e-005
1.32667e-005
-9.78095e-006
-2.96891e-005
-4.66912e-005
-6.10792e-005
-7.31637e-005
-8.32496e-005
-9.16217e-005
-9.85385e-005
-0.00010423
-0.000108895
-0.00011271
-0.000115822
-0.000118359
-0.000120429
-0.000122123
-0.00012352
-0.000124685
-0.000125659
-0.000125659
-0.000121202
-0.000121202
-0.000119959
-0.000118476
-0.000116715
-0.00011461
-0.000112084
-0.000109047
-0.000105394
-0.000101006
-9.57443e-005
-8.94513e-005
-8.19507e-005
-7.30468e-005
-6.25273e-005
-5.01686e-005
-3.57452e-005
-1.90449e-005
1.07922e-007
2.18197e-005
4.60859e-005
7.2744e-005
0.000101433
0.000131574
0.000162385
0.000192907
0.000221987
0.000248193
0.000269822
0.000285112
0.000292969
0.000292969
0.000285113
0.000269824
0.000248194
0.000221987
0.000192907
0.000162383
0.000131572
0.000101431
7.27419e-005
4.60842e-005
2.18188e-005
1.07757e-007
-1.90443e-005
-3.57439e-005
-5.01667e-005
-6.25249e-005
-7.3044e-005
-8.19478e-005
-8.94483e-005
-9.57411e-005
-0.000101003
-0.000105391
-0.000109044
-0.000112081
-0.000114607
-0.000116712
-0.000118473
-0.000119956
-0.000121199
-0.000121199
-0.000116915
-0.000116915
-0.000115451
-0.000113706
-0.000111647
-0.000109209
-0.000106316
-0.000102883
-9.88104e-005
-9.39868e-005
-8.82859e-005
-8.15676e-005
-7.3679e-005
-6.44556e-005
-5.37264e-005
-4.13197e-005
-2.70737e-005
-1.08517e-005
7.43854e-006
2.78182e-005
5.0208e-005
7.43974e-005
0.00010002
0.000126542
0.000153267
0.000179344
0.000203775
0.00022541
0.000243014
0.000255421
0.000261818
0.000261818
0.000255421
0.000243015
0.000225411
0.000203775
0.000179344
0.000153266
0.000126541
0.000100018
7.43958e-005
5.02067e-005
2.78175e-005
7.43842e-006
-1.08511e-005
-2.70726e-005
-4.1318e-005
-5.37243e-005
-6.44532e-005
-7.36763e-005
-8.15648e-005
-8.82829e-005
-9.39838e-005
-9.88074e-005
-0.00010288
-0.000106313
-0.000109205
-0.000111644
-0.000113703
-0.000115448
-0.000116912
-0.000116912
-0.000112839
-0.000112839
-0.000111201
-0.00010925
-0.000106957
-0.00010426
-0.000101087
-9.73571e-005
-9.29769e-005
-8.78437e-005
-8.18438e-005
-7.48535e-005
-6.6741e-005
-5.73695e-005
-4.66021e-005
-3.4309e-005
-2.03775e-005
-4.72563e-006
1.26807e-005
3.18076e-005
5.25316e-005
7.46188e-005
9.77093e-005
0.00012131
0.000144798
0.00016743
0.000188359
0.000206661
0.000221401
0.000231739
0.000237064
0.000237064
0.00023174
0.000221402
0.000206662
0.000188359
0.00016743
0.000144797
0.000121309
9.7708e-005
7.46176e-005
5.25307e-005
3.1807e-005
1.26806e-005
-4.72513e-006
-2.03765e-005
-3.43075e-005
-4.66002e-005
-5.73673e-005
-6.67385e-005
-7.48508e-005
-8.1841e-005
-8.78408e-005
-9.29739e-005
-9.73541e-005
-0.000101084
-0.000104257
-0.000106954
-0.000109247
-0.000111198
-0.000112836
-0.000112836
-0.000109003
-0.000109003
-0.000107235
-0.00010513
-0.000102665
-9.97807e-005
-9.64093e-005
-9.24739e-005
-8.78888e-005
-8.25597e-005
-7.63843e-005
-6.92536e-005
-6.1054e-005
-5.16715e-005
-4.09961e-005
-2.89296e-005
-1.53949e-005
-3.48209e-007
1.62069e-005
3.42033e-005
5.34937e-005
7.38366e-005
9.48855e-005
0.000116185
0.000137177
0.000157208
0.000175555
0.000191458
0.000204172
0.000213049
0.000217612
0.000217612
0.000213049
0.000204173
0.000191458
0.000175555
0.000157207
0.000137176
0.000116184
9.48845e-005
7.38357e-005
5.3493e-005
3.42029e-005
1.6207e-005
-3.47669e-007
-1.53939e-005
-2.89281e-005
-4.09943e-005
-5.16694e-005
-6.10517e-005
-6.9251e-005
-7.63816e-005
-8.25569e-005
-8.7886e-005
-9.2471e-005
-9.64064e-005
-9.97778e-005
-0.000102662
-0.000105127
-0.000107232
-0.000109
-0.000109
-8.70669e-005
-8.70669e-005
-8.5177e-005
-8.29552e-005
-8.03663e-005
-7.73513e-005
-7.38459e-005
-6.97786e-005
-6.5071e-005
-5.96375e-005
-5.33869e-005
-4.62235e-005
-3.805e-005
-2.8771e-005
-1.82986e-005
-6.55863e-006
6.50002e-006
2.08952e-005
3.65992e-005
5.3526e-005
7.15182e-005
9.03366e-005
0.000109653
0.00012905
0.000148023
0.000165998
0.00018235
0.000196435
0.000207639
0.000215434
0.000219434
0.000219434
0.000215434
0.000207639
0.000196434
0.000182349
0.000165997
0.000148022
0.000129049
0.000109652
9.03357e-005
7.15176e-005
5.35258e-005
3.65994e-005
2.08958e-005
6.50107e-006
-6.55718e-006
-1.82968e-005
-2.8769e-005
-3.80477e-005
-4.6221e-005
-5.33843e-005
-5.96348e-005
-6.50681e-005
-6.97757e-005
-7.3843e-005
-7.73484e-005
-8.03634e-005
-8.29523e-005
-8.51741e-005
-8.7064e-005
-8.7064e-005
-3.66814e-005
-3.66814e-005
-3.47143e-005
-3.23828e-005
-2.96706e-005
-2.65282e-005
-2.28991e-005
-1.87213e-005
-1.39271e-005
-8.44413e-006
-2.19672e-006
4.89253e-006
1.28999e-005
2.18969e-005
3.19455e-005
4.30921e-005
5.53597e-005
6.87402e-005
8.3184e-005
9.85911e-005
0.000114802
0.00013159
0.000148659
0.000165643
0.000182113
0.000197589
0.000211563
0.00022352
0.00023298
0.000239536
0.000242892
0.000242892
0.000239536
0.00023298
0.000223519
0.000211562
0.000197589
0.000182112
0.000165642
0.000148658
0.000131589
0.000114801
9.85909e-005
8.31842e-005
6.87407e-005
5.53607e-005
4.30934e-005
3.19472e-005
2.18989e-005
1.29021e-005
4.8949e-006
-2.19421e-006
-8.44151e-006
-1.39244e-005
-1.87185e-005
-2.28963e-005
-2.65254e-005
-2.96678e-005
-3.23799e-005
-3.47114e-005
-3.66785e-005
-3.66785e-005
-1.33458e-005
-1.33458e-005
-1.13124e-005
-8.90013e-006
-6.10086e-006
-2.87296e-006
8.31003e-007
5.06313e-006
9.8793e-006
1.53382e-005
2.14998e-005
2.84236e-005
3.61656e-005
4.47755e-005
5.42917e-005
6.4737e-005
7.61117e-005
8.83877e-005
0.000101501
0.000115345
0.000129765
0.000144553
0.000159447
0.000174136
0.00018826
0.000201429
0.000213235
0.000223275
0.000231179
0.000236637
0.000239424
0.000239424
0.000236637
0.000231179
0.000223275
0.000213234
0.000201429
0.00018826
0.000174135
0.000159447
0.000144552
0.000129764
0.000115345
0.000101501
8.83882e-005
7.61126e-005
6.47382e-005
5.42932e-005
4.47772e-005
3.61676e-005
2.84257e-005
2.15021e-005
1.53406e-005
9.88181e-006
5.06571e-006
8.33647e-007
-2.87027e-006
-6.09813e-006
-8.89736e-006
-1.13096e-005
-1.3343e-005
-1.3343e-005
-7.24071e-006
-7.24071e-006
-5.16332e-006
-2.70462e-006
1.39978e-007
3.40588e-006
7.13264e-006
1.1363e-005
1.61423e-005
2.15168e-005
2.75327e-005
3.42341e-005
4.16604e-005
4.98431e-005
5.88028e-005
6.85442e-005
7.90516e-005
9.0284e-005
0.000102169
0.000114601
0.000127432
0.000140476
0.000153503
0.000166248
0.000178412
0.000189674
0.000199709
0.000208197
0.000214851
0.000219431
0.000221765
0.000221765
0.000219431
0.000214851
0.000208197
0.000199709
0.000189674
0.000178411
0.000166248
0.000153503
0.000140476
0.000127432
0.000114601
0.00010217
9.02845e-005
7.90525e-005
6.85453e-005
5.88042e-005
4.98447e-005
4.16622e-005
3.42361e-005
2.75349e-005
2.1519e-005
1.61446e-005
1.13655e-005
7.13513e-006
3.40844e-006
1.42584e-007
-2.70197e-006
-5.16062e-006
-7.23798e-006
-7.23798e-006
-1.45972e-006
-1.45972e-006
6.32743e-007
3.10633e-006
5.96063e-006
9.22499e-006
1.29317e-005
1.71152e-005
2.18111e-005
2.70551e-005
3.28813e-005
3.9321e-005
4.63997e-005
5.4135e-005
6.25334e-005
7.15865e-005
8.12677e-005
9.15282e-005
0.000102293
0.000113458
0.000124889
0.000136417
0.000147843
0.000158942
0.000169465
0.000179148
0.00018773
0.000194955
0.000200597
0.00020447
0.000206441
0.000206441
0.00020447
0.000200597
0.000194955
0.000187729
0.000179148
0.000169464
0.000158942
0.000147843
0.000136417
0.000124889
0.000113459
0.000102293
9.15288e-005
8.12686e-005
7.15876e-005
6.25347e-005
5.41365e-005
4.64014e-005
3.93228e-005
3.28833e-005
2.70572e-005
2.18133e-005
1.71175e-005
1.29341e-005
9.22742e-006
5.96311e-006
3.10886e-006
6.35324e-007
-1.4571e-006
-1.4571e-006
3.99159e-006
3.99159e-006
6.07583e-006
8.53775e-006
1.13722e-005
1.46027e-005
1.8255e-005
2.2356e-005
2.69329e-005
3.2012e-005
3.76175e-005
4.37698e-005
5.04834e-005
5.77649e-005
6.56102e-005
7.40017e-005
8.29057e-005
9.22691e-005
0.000102017
0.000112052
0.000122249
0.00013246
0.000142512
0.000152214
0.000161357
0.000169726
0.000177107
0.000183296
0.000188114
0.000191413
0.000193089
0.000193089
0.000191413
0.000188114
0.000183296
0.000177107
0.000169726
0.000161357
0.000152214
0.000142512
0.00013246
0.000122249
0.000112052
0.000102018
9.22698e-005
8.29065e-005
7.40027e-005
6.56114e-005
5.77663e-005
5.0485e-005
4.37715e-005
3.76194e-005
3.2014e-005
2.6935e-005
2.23582e-005
1.82573e-005
1.4605e-005
1.13745e-005
8.54017e-006
6.07829e-006
3.99409e-006
3.99409e-006
9.11169e-006
9.11169e-006
1.11691e-005
1.35979e-005
1.63886e-005
1.95596e-005
2.31306e-005
2.71219e-005
3.15534e-005
3.64435e-005
4.18079e-005
4.76582e-005
5.40003e-005
6.08321e-005
6.81418e-005
7.59055e-005
8.40852e-005
9.26264e-005
0.000101456
0.000110484
0.000119596
0.000128662
0.000137533
0.000146045
0.000154025
0.000161294
0.000167677
0.00017301
0.00017715
0.000179979
0.000181414
0.000181414
0.000179979
0.00017715
0.00017301
0.000167677
0.000161294
0.000154025
0.000146045
0.000137533
0.000128662
0.000119596
0.000110484
0.000101457
9.2627e-005
8.4086e-005
7.59065e-005
6.81429e-005
6.08334e-005
5.40018e-005
4.76599e-005
4.18096e-005
3.64453e-005
3.15554e-005
2.7124e-005
2.31327e-005
1.95617e-005
1.63908e-005
1.36002e-005
1.11715e-005
9.11407e-006
9.11407e-006
1.39024e-005
1.39024e-005
1.59186e-005
1.82973e-005
2.10257e-005
2.41173e-005
2.75869e-005
3.14487e-005
3.57164e-005
4.04016e-005
4.55133e-005
5.1056e-005
5.70284e-005
6.34223e-005
7.02203e-005
7.73944e-005
8.49042e-005
9.26957e-005
0.0001007
0.000108831
0.00011699
0.000125061
0.000132914
0.00014041
0.000147404
0.000153748
0.000159297
0.00016392
0.000167498
0.000169938
0.000171176
0.000171176
0.000169939
0.000167498
0.00016392
0.000159297
0.000153748
0.000147404
0.00014041
0.000132914
0.000125061
0.000116991
0.000108832
0.0001007
9.26964e-005
8.49051e-005
7.73954e-005
7.02214e-005
6.34236e-005
5.70299e-005
5.10575e-005
4.5515e-005
4.04034e-005
3.57182e-005
3.14506e-005
2.75889e-005
2.41194e-005
2.10278e-005
1.82995e-005
1.59208e-005
1.39047e-005
1.39047e-005
1.83683e-005
1.83683e-005
2.03323e-005
2.26483e-005
2.53004e-005
2.82983e-005
3.16519e-005
3.53706e-005
3.94627e-005
4.39344e-005
4.87888e-005
5.40249e-005
5.96362e-005
6.56095e-005
7.19238e-005
7.85485e-005
8.54427e-005
9.25536e-005
9.98163e-005
0.000107153
0.000114474
0.000121678
0.000128652
0.000135279
0.000141435
0.000146997
0.000151846
0.000155874
0.000158984
0.000161103
0.000162175
0.000162175
0.000161103
0.000158985
0.000155874
0.000151846
0.000146997
0.000141435
0.000135279
0.000128653
0.000121678
0.000114475
0.000107154
9.9817e-005
9.25543e-005
8.54435e-005
7.85495e-005
7.19249e-005
6.56108e-005
5.96375e-005
5.40264e-005
4.87904e-005
4.39361e-005
3.94645e-005
3.53724e-005
3.16538e-005
2.83003e-005
2.53025e-005
2.26504e-005
2.03344e-005
1.83705e-005
1.83705e-005
2.2516e-005
2.2516e-005
2.442e-005
2.66643e-005
2.92304e-005
3.21246e-005
3.53527e-005
3.892e-005
4.28304e-005
4.70855e-005
5.16837e-005
5.66197e-005
6.18829e-005
6.74569e-005
7.33179e-005
7.94343e-005
8.57654e-005
9.22608e-005
9.88599e-005
0.000105492
0.000112077
0.000118525
0.00012474
0.00013062
0.000136061
0.00014096
0.000145218
0.000148745
0.000151465
0.000153313
0.000154249
0.000154249
0.000153314
0.000151465
0.000148746
0.000145218
0.00014096
0.000136061
0.00013062
0.00012474
0.000118525
0.000112077
0.000105493
9.88605e-005
9.22615e-005
8.57663e-005
7.94353e-005
7.3319e-005
6.74581e-005
6.18842e-005
5.66211e-005
5.16852e-005
4.70871e-005
4.28321e-005
3.89218e-005
3.53545e-005
3.21265e-005
2.92324e-005
2.66663e-005
2.44221e-005
2.25181e-005
2.25181e-005
2.63537e-005
2.63537e-005
2.81929e-005
3.03595e-005
3.28335e-005
3.56179e-005
3.87153e-005
4.21275e-005
4.58546e-005
4.98944e-005
5.42419e-005
5.88882e-005
6.38199e-005
6.90181e-005
7.44577e-005
8.01065e-005
8.5925e-005
9.18653e-005
9.78714e-005
0.000103879
0.000109817
0.000115606
0.000121163
0.0001264
0.00013123
0.000135564
0.000139321
0.000142427
0.000144816
0.000146439
0.000147259
0.000147259
0.000146439
0.000144816
0.000142427
0.000139322
0.000135564
0.00013123
0.000126401
0.000121163
0.000115607
0.000109818
0.00010388
9.78721e-005
9.1866e-005
8.59259e-005
8.01075e-005
7.44588e-005
6.90193e-005
6.38212e-005
5.88896e-005
5.42434e-005
4.98959e-005
4.58562e-005
4.21292e-005
3.87171e-005
3.56197e-005
3.28354e-005
3.03614e-005
2.81949e-005
2.63557e-005
2.63557e-005
2.98911e-005
2.98911e-005
3.16627e-005
3.37486e-005
3.61273e-005
3.87993e-005
4.17643e-005
4.50211e-005
4.8567e-005
5.23967e-005
5.65023e-005
6.08725e-005
6.54915e-005
7.03391e-005
7.53892e-005
8.06102e-005
8.59638e-005
9.1405e-005
9.68823e-005
0.000102338
0.000107707
0.000112921
0.000117907
0.00012259
0.000126894
0.000130747
0.000134078
0.000136825
0.000138936
0.000140367
0.00014109
0.00014109
0.000140367
0.000138936
0.000136825
0.000134078
0.000130747
0.000126895
0.00012259
0.000117908
0.000112921
0.000107707
0.000102338
9.6883e-005
9.14058e-005
8.59646e-005
8.06112e-005
7.53903e-005
7.03402e-005
6.54928e-005
6.08738e-005
5.65037e-005
5.23982e-005
4.85685e-005
4.50227e-005
4.1766e-005
3.8801e-005
3.61291e-005
3.37504e-005
3.16646e-005
2.9893e-005
2.9893e-005
3.31382e-005
3.31382e-005
3.48416e-005
3.6846e-005
3.9129e-005
4.16885e-005
4.45224e-005
4.76268e-005
5.09965e-005
5.46241e-005
5.84993e-005
6.26089e-005
6.69357e-005
7.14584e-005
7.61511e-005
8.09824e-005
8.5916e-005
9.09097e-005
9.59163e-005
0.000100883
0.000105753
0.000110465
0.000114955
0.000119159
0.000123012
0.000126452
0.000129419
0.000131862
0.000133735
0.000135005
0.000135645
0.000135645
0.000135005
0.000133735
0.000131862
0.000129419
0.000126452
0.000123013
0.00011916
0.000114956
0.000110465
0.000105754
0.000100884
9.5917e-005
9.09105e-005
8.59168e-005
8.09833e-005
7.61521e-005
7.14596e-005
6.69369e-005
6.26102e-005
5.85007e-005
5.46255e-005
5.0998e-005
4.76284e-005
4.4524e-005
4.16902e-005
3.91307e-005
3.68478e-005
3.48434e-005
3.314e-005
3.314e-005
3.61058e-005
3.61058e-005
3.77421e-005
3.96663e-005
4.1855e-005
4.43046e-005
4.70109e-005
4.99682e-005
5.31693e-005
5.66048e-005
6.0263e-005
6.41291e-005
6.8185e-005
7.2409e-005
7.67752e-005
8.12534e-005
8.5809e-005
9.04028e-005
9.49912e-005
9.95266e-005
0.000103958
0.000108231
0.000112291
0.000116081
0.000119545
0.00012263
0.000125286
0.000127468
0.00012914
0.000130272
0.000130843
0.000130843
0.000130272
0.00012914
0.000127468
0.000125286
0.00012263
0.000119545
0.000116081
0.000112292
0.000108232
0.000103959
9.95273e-005
9.49919e-005
9.04036e-005
8.58099e-005
8.12544e-005
7.67762e-005
7.24101e-005
6.81862e-005
6.41303e-005
6.02643e-005
5.66062e-005
5.31707e-005
4.99697e-005
4.70125e-005
4.43063e-005
4.18567e-005
3.9668e-005
3.77438e-005
3.61075e-005
3.61075e-005
3.88047e-005
3.88047e-005
4.03764e-005
4.22232e-005
4.43211e-005
4.66652e-005
4.92495e-005
5.20669e-005
5.51086e-005
5.8364e-005
6.18198e-005
6.54605e-005
6.92673e-005
7.32184e-005
7.72884e-005
8.14482e-005
8.56649e-005
8.99022e-005
9.41201e-005
9.82753e-005
0.000102322
0.000106213
0.000109898
0.000113329
0.000116458
0.000119238
0.000121627
0.000123587
0.000125086
0.000126101
0.000126612
0.000126612
0.000126101
0.000125087
0.000123587
0.000121627
0.000119238
0.000116458
0.00011333
0.000109899
0.000106213
0.000102323
9.8276e-005
9.41208e-005
8.9903e-005
8.56658e-005
8.14491e-005
7.72894e-005
7.32195e-005
6.92685e-005
6.54617e-005
6.18211e-005
5.83653e-005
5.51101e-005
5.20684e-005
4.9251e-005
4.66668e-005
4.43227e-005
4.22248e-005
4.03781e-005
3.88064e-005
3.88064e-005
4.12457e-005
4.12457e-005
4.27565e-005
4.45301e-005
4.65422e-005
4.87865e-005
5.12561e-005
5.39424e-005
5.68355e-005
5.99236e-005
6.31928e-005
6.66268e-005
7.02065e-005
7.39101e-005
7.77129e-005
8.1587e-005
8.55014e-005
8.94222e-005
9.33126e-005
9.71335e-005
0.000100844
0.0001044
0.000107761
0.000110881
0.00011372
0.000116238
0.000118398
0.000120167
0.000121519
0.000122433
0.000122894
0.000122894
0.000122433
0.00012152
0.000120167
0.000118398
0.000116238
0.00011372
0.000110881
0.000107761
0.000104401
0.000100844
9.71342e-005
9.33134e-005
8.9423e-005
8.55023e-005
8.15879e-005
7.77139e-005
7.39112e-005
7.02076e-005
6.6628e-005
6.31941e-005
5.9925e-005
5.68369e-005
5.39438e-005
5.12576e-005
4.87881e-005
4.65438e-005
4.45317e-005
4.27581e-005
4.12474e-005
4.12474e-005
4.34393e-005
4.34393e-005
4.4894e-005
4.65998e-005
4.85321e-005
5.06838e-005
5.30469e-005
5.5612e-005
5.83684e-005
6.13033e-005
6.44022e-005
6.76484e-005
7.10227e-005
7.45037e-005
7.80672e-005
8.16866e-005
8.53326e-005
8.89737e-005
9.25759e-005
9.61035e-005
9.95195e-005
0.000102786
0.000105864
0.000108716
0.000111305
0.000113597
0.00011556
0.000117166
0.000118392
0.00011922
0.000119637
0.000119637
0.00011922
0.000118392
0.000117166
0.00011556
0.000113597
0.000111305
0.000108716
0.000105864
0.000102786
9.95201e-005
9.61042e-005
9.25766e-005
8.89744e-005
8.53335e-005
8.16875e-005
7.80682e-005
7.45047e-005
7.10238e-005
6.76496e-005
6.44035e-005
6.13046e-005
5.83698e-005
5.56135e-005
5.30483e-005
5.06853e-005
4.85336e-005
4.66013e-005
4.48956e-005
4.34409e-005
4.34409e-005
4.53953e-005
4.53953e-005
4.67998e-005
4.84441e-005
5.03036e-005
5.23707e-005
5.46367e-005
5.70916e-005
5.97238e-005
6.25201e-005
6.54655e-005
6.85429e-005
7.17334e-005
7.50158e-005
7.83667e-005
8.17606e-005
8.51699e-005
8.8565e-005
9.19147e-005
9.51864e-005
9.83463e-005
0.00010136
0.000104194
0.000106814
0.000109188
0.000111286
0.00011308
0.000114546
0.000115664
0.000116418
0.000116798
0.000116798
0.000116418
0.000115664
0.000114546
0.00011308
0.000111286
0.000109188
0.000106814
0.000104194
0.000101361
9.83469e-005
9.5187e-005
9.19154e-005
8.85658e-005
8.51707e-005
8.17615e-005
7.83677e-005
7.50168e-005
7.17345e-005
6.85441e-005
6.54667e-005
6.25214e-005
5.97251e-005
5.7093e-005
5.46382e-005
5.23722e-005
5.03051e-005
4.84456e-005
4.68013e-005
4.53969e-005
4.53969e-005
4.71229e-005
4.71229e-005
4.84846e-005
5.00744e-005
5.18687e-005
5.38598e-005
5.60388e-005
5.83949e-005
6.09162e-005
6.35889e-005
6.63977e-005
6.93255e-005
7.23534e-005
7.54605e-005
7.86243e-005
8.18203e-005
8.50224e-005
8.82029e-005
9.13328e-005
9.43821e-005
9.73201e-005
0.000100116
0.000102739
0.000105159
0.000107348
0.00010928
0.000110929
0.000112275
0.000113301
0.000113992
0.00011434
0.00011434
0.000113992
0.000113301
0.000112275
0.000110929
0.00010928
0.000107349
0.00010516
0.000102739
0.000100116
9.73207e-005
9.43827e-005
9.13335e-005
8.82036e-005
8.50232e-005
8.18212e-005
7.86252e-005
7.54615e-005
7.23544e-005
6.93266e-005
6.63989e-005
6.35902e-005
6.09175e-005
5.83963e-005
5.60402e-005
5.38613e-005
5.18702e-005
5.0076e-005
4.84862e-005
4.71245e-005
4.71245e-005
4.86301e-005
4.86301e-005
4.99595e-005
5.15013e-005
5.32378e-005
5.5162e-005
5.72644e-005
5.95339e-005
6.1958e-005
6.45225e-005
6.72119e-005
7.00089e-005
7.28949e-005
7.58495e-005
7.88507e-005
8.1875e-005
8.48976e-005
8.78924e-005
9.08326e-005
9.36902e-005
9.64374e-005
9.90459e-005
0.000101488
0.000103737
0.000105768
0.000107557
0.000109083
0.000110326
0.000111273
0.000111911
0.000112232
0.000112232
0.000111911
0.000111273
0.000110327
0.000109083
0.000107557
0.000105768
0.000103738
0.000101489
9.90464e-005
9.64379e-005
9.36909e-005
9.08332e-005
8.78932e-005
8.48984e-005
8.18758e-005
7.88516e-005
7.58505e-005
7.2896e-005
7.00101e-005
6.7213e-005
6.45237e-005
6.19593e-005
5.95353e-005
5.72658e-005
5.51634e-005
5.32392e-005
5.15028e-005
4.9961e-005
4.86316e-005
4.86316e-005
0
0
0
0
0
0
0
0
0
0
0
0
0
0
0
0
0
0
0
0
0
0
0
0
0
0
0
0
0
0
0
0
0
0
0
0
0
0
0
0
0
0
0
0
0
0
0
0
0
0
0
0
0
0
0
0
0
0
0
0
0
0
0
0
0
0
0
0
0
0
0
0
0
0
0
0
0
0
0
0
0
0
0
0
0
0
0
0
0
0
0
0
0
0
0
0
0
0
0
0
0
0
0
0
0
0
0
0
0
0
0
0
0
0
0
0
0
0
0
0
0
0
0
0
